864232266||
325344875||
862116466||
378797633||
983659391||
864287057||
396849672||
341717684||
378787584||
357046639||
862196915||
341726841||
369294532||
972524212||
396874713||
336493713||
396894912||
369248196||
972527865||
972572191||
396813964||
325350120||
983968824||
972569611||
983681830||
983680813||
369205561||
861119661||
983956543||
357084967||
325363411||
963596783||
963524514||
378745192||
983623829||
369210346||
357038179||
396839499||
972570562||
863604797||
325320404||
862117583||
863670797||
972578472||
861177893||
983953906||
369284550||
341759825||
972593373||
378779304||
336495088||
864251716||
983913354||
325332663||
963552079||
861188489||
861151604||
336459557||
862156134||
861149310||
861105610||
963594728||
972526943||
357093158||
357067284||
396873159||
863682596||
357054888||
396856494||
369247399||
325390085||
341751151||
983622373||
972557477||
963518229||
972541295||
336469702||
862105444||
983678185||
325373517||
863622667||
357053977||
325362712||
369241872||
378750656||
864276566||
396852667||
396869487||
983948796||
863657717||
861117457||
963530634||
861197855||
863622960||
341783878||
864248362||
378757124||
378735978||
325341994||
963528628||
357073849||
864268732||
369213033||
861145098||
864249432||
336442758||
357071424||
336414834||
861154789||
963508586||
983676639||
378779569||
369274454||
983907353||
983928173||
396897372||
983669283||
863649038||
862185985||
341701780||
863612624||
325356325||
341722082||
864272897||
341745920||
357040024||
862182270||
325390304||
862104604||
396895442||
862117699||
341716069||
357017375||
863666311||
369217113||
963572571||
864267459||
983673411||
963590804||
963590560||
864285536||
861144558||
972501091||
378763005||
369236246||
369284931||
357008569||
972522047||
983662500||
861187233||
357098246||
325341827||
862125686||
963505254||
369259695||
378706438||
863610353||
325324008||
369243805||
369209435||
963586331||
963528013||
983961134||
325389315||
861120940||
357097884||
983611080||
336450329||
369233153||
325327905||
357058517||
336457420||
983932009||
972530152||
369215174||
864215672||
336466491||
861110323||
963532934||
983662621||
983931427||
972509558||
864212754||
357089768||
861111620||
972511172||
357038628||
983951145||
396803663||
396887023||
972593764||
983964798||
396856357||
378790606||
861191385||
396855121||
983981624||
336418533||
336490471||
396888841||
336429650||
369226835||
972503812||
378716244||
983904144||
863609759||
357034841||
369225430||
972561152||
369262182||
336499818||
963510670||
357010571||
357028454||
861159174||
983981753||
325335038||
972554180||
862177521||
862195372||
325305848||
357034477||
336435005||
963511424||
972567216||
861183956||
963584570||
983975371||
864222840||
336409603||
336474642||
983613323||
325364068||
325312996||
357026308||
325387834||
325303368||
862112477||
325359801||
983986593||
861198752||
369240285||
861132285||
336465036||
972574148||
369292202||
325335892||
341712604||
357031175||
972512366||
325302819||
972563075||
396891015||
972555353||
378774026||
325311616||
341709447||
972529585||
963543247||
341746724||
357001281||
396849451||
325346473||
396833589||
325315987||
863644477||
863605950||
983925348||
357078662||
396853082||
396839313||
983967659||
861148361||
325366990||
864265610||
341775457||
357081511||
357051508||
983930149||
963530351||
963521519||
378727626||
983970835||
972556362||
963518409||
863617980||
862118890||
378705679||
861102994||
983926815||
341719956||
341798325||
972521063||
396850195||
864282203||
862107609||
396820035||
863654731||
341701650||
341768504||
396899136||
396824229||
325363582||
325372728||
325314472||
325367113||
369227259||
861179891||
369239993||
378770995||
863617195||
325382584||
864290856||
862177253||
357003510||
369215099||
369215992||
972562449||
341763062||
861109181||
357028213||
863611206||
983639079||
863655202||
369211934||
864205120||
325300144||
378734879||
396827885||
864276172||
963597313||
861166407||
983666748||
864269255||
336489254||
864241558||
863682258||
341701900||
972560148||
336457970||
983608467||
357072224||
369285915||
357087743||
863623447||
341725237||
983612456||
378764643||
864233560||
378712009||
325388692||
357035093||
862108276||
325361662||
336465235||
864264043||
972581036||
378766611||
336489046||
864259873||
861132403||
369261646||
963517041||
325389257||
963552735||
378783401||
864291986||
963517743||
972587702||
325372213||
341716775||
378721091||
357026464||
336448443||
963542384||
863621790||
336496947||
983612467||
864233154||
963587605||
983908111||
357026509||
963593708||
369280903||
983972908||
861181790||
861100982||
341707123||
341714125||
378748178||
369213977||
336493123||
378712056||
972558274||
863679460||
862175594||
972561124||
369282157||
378741529||
864243356||
983981560||
861169711||
341703849||
864224224||
369238500||
972503499||
341790756||
396828156||
972519784||
963520342||
862192424||
396864222||
863637511||
983654808||
983907744||
972553494||
983967434||
341754829||
972574553||
378784989||
963585481||
378731000||
336491475||
862185697||
341738060||
861119017||
378725379||
972518097||
325386213||
983635102||
378787672||
863615906||
863678938||
863684770||
963562278||
983940629||
861191599||
963556975||
983695502||
378798525||
369270183||
963574500||
983900356||
862138132||
336455673||
369267225||
972562858||
357078373||
972593977||
861133014||
862190642||
862117711||
972545111||
983936663||
972541014||
369235653||
862182722||
983680772||
357099463||
963524778||
325341385||
336402536||
863656476||
864277009||
972547068||
983675286||
861113328||
862197091||
983612634||
972599281||
983954912||
983975743||
863651650||
369260761||
357003113||
396892683||
963515541||
861174636||
861146508||
863635697||
396868021||
357083018||
963511315||
341792900||
341701759||
341725777||
864265718||
862147958||
861180734||
396884273||
863611365||
325305726||
861107336||
862167376||
369242356||
341703217||
862126959||
369232037||
864219436||
983617734||
369289560||
378722921||
336458302||
369220415||
864240006||
378716729||
963579991||
325336459||
861165542||
396845126||
861139129||
983937873||
983651052||
336465515||
862110795||
864295278||
357059311||
378768662||
972593810||
378777662||
341781942||
983963338||
983945748||
863687308||
983670661||
396832899||
396896463||
963556729||
357002180||
862154521||
341723342||
983613205||
963523013||
396852366||
396890945||
378772825||
396882901||
863683200||
983607464||
341704842||
325303614||
378766765||
357006055||
983965919||
336447768||
378752161||
862153736||
983900018||
341772531||
864251783||
863661600||
983936527||
983631014||
336495539||
863627238||
972580695||
983952802||
325300016||
369278663||
325350661||
864278463||
862184512||
983978283||
369287293||
369261673||
864235998||
862141421||
983932452||
963558081||
862196736||
369207684||
963599660||
862163829||
341799489||
325385519||
862132833||
861196883||
396893190||
369297018||
863690065||
369215362||
325378322||
357084994||
963549709||
983694117||
862162143||
369289796||
325395803||
369293030||
357051581||
378778853||
863698263||
983620841||
863625917||
378744009||
357016864||
983987689||
963500785||
378752690||
336446220||
378724667||
325379367||
983625013||
357031202||
378797187||
341796076||
396824575||
972571319||
861181052||
396868220||
863667143||
357005508||
378758663||
378761864||
341773741||
378794316||
983952906||
983632800||
983954552||
983957419||
336401948||
972500531||
863626683||
963587258||
369287658||
378778675||
972582347||
862125187||
861133974||
863609454||
862199035||
863643899||
378710687||
378777418||
325310553||
983647344||
336449326||
983680606||
863617244||
325371507||
983619740||
325333676||
357012704||
357080882||
357035897||
396841883||
357033935||
863612661||
864262614||
325324629||
863692229||
378717503||
862150339||
861101805||
396832434||
863658658||
862197238||
341765636||
325322100||
861115214||
963542537||
862199987||
864219840||
963583664||
862136755||
336474467||
862162216||
983628334||
357000716||
336441027||
862161156||
341719642||
862117232||
972553685||
357027356||
972540622||
369261246||
863658988||
341752124||
863661680||
357074091||
341799205||
369236501||
861185628||
341774514||
863631453||
963514434||
864262681||
336463191||
862133117||
864227671||
963585676||
983977714||
325381789||
861177406||
369230470||
325372046||
963566459||
862180212||
341754805||
863650920||
963593720||
357067188||
396838720||
341778487||
862162434||
596861474||
396821540||
864211300||
863658484||
369222830||
864295218||
369278908||
336468012||
861181693||
369273243||
357012356||
336480835||
972519587||
983978157||
983933731||
357034228||
357004476||
972536529||
862109859||
325346937||
336498182||
963533225||
963546261||
369268006||
357080301||
325314690||
341797301||
341715793||
983922630||
369202750||
357081705||
336406236||
963599907||
861145013||
369227898||
983640178||
378716513||
983903106||
325388130||
325334057||
983992607||
861178149||
357053559||
983697722||
378746169||
341736831||
972566424||
341787177||
864258311||
396882376||
983983250||
369217235||
861157798||
336463166||
341756731||
369212987||
357067542||
357023497||
972550896||
983640821||
325365033||
396898169||
983687782||
357068686||
983998440||
396800231||
861143202||
396887857||
396871817||
963505100||
963522790||
341707436||
336483241||
357002696||
325300604||
861138129||
325342612||
357014348||
983933501||
325337685||
341742924||
341790570||
325384493||
336409645||
864211746||
983991145||
369282210||
357075611||
864289973||
983975244||
864296358||
963572430||
396895574||
963574347||
983675444||
862104407||
396862127||
396880539||
972584023||
972555406||
341797562||
341752652||
325321194||
336436571||
972521304||
369267035||
378729323||
325312415||
983974146||
863670861||
863673474||
369269571||
341729319||
862117288||
863680828||
396808577||
983684417||
357099667||
862194125||
972586589||
863665008||
396802257||
378742152||
862110485||
336409113||
861192768||
357005408||
862131364||
369281953||
862171138||
325367866||
369244165||
863678248||
861166570||
864297431||
357067239||
396834173||
863608603||
861142156||
336482080||
357031255||
863645676||
369212218||
864200617||
325360343||
336437053||
341706834||
863660907||
983635896||
983937761||
396814141||
336403029||
396830822||
862108575||
325383769||
963512103||
369289502||
378796153||
396868990||
863679940||
863650824||
972578446||
378712111||
963550090||
861154130||
983988622||
396890725||
378778214||
336445493||
357056831||
396898945||
972518296||
369292662||
396800426||
863601435||
862184984||
972553771||
864263540||
325349132||
341791189||
325307595||
864223642||
861149384||
357058219||
863643383||
864271637||
336495086||
983981404||
861177564||
369278263||
357029653||
963558439||
861188124||
983957149||
864231919||
378749151||
369211588||
357035888||
983681043||
963557721||
341728539||
972568277||
863603559||
861128537||
963533132||
972574826||
861192237||
862114048||
972590932||
325386477||
341777732||
861177230||
396819324||
336472092||
396899723||
336482616||
983931507||
864243479||
336455477||
861140045||
378776183||
325398839||
336408633||
862171027||
336419696||
336485486||
396860744||
336449453||
983978782||
336453948||
972503408||
862190431||
963567890||
862104130||
369236795||
864254041||
861179585||
963516384||
983950077||
357070282||
983936418||
369248318||
983658457||
864206566||
336428193||
983699020||
864290056||
336421411||
396812004||
341763082||
963587105||
396807923||
983655750||
972559546||
862134020||
341735042||
983945705||
336425040||
983649047||
861193493||
862145632||
396833680||
972527693||
864233363||
369267125||
972544046||
357068571||
369262101||
325327468||
983914956||
983615964||
983627963||
378762397||
369272035||
341712366||
325337542||
862172072||
863688350||
862191503||
963561577||
983609813||
325371563||
861158790||
864250887||
325332893||
864237181||
861123826||
863658231||
336444126||
863627265||
861155700||
378719147||
972578037||
341763583||
336461278||
862191910||
396897612||
963545173||
341702359||
357072952||
325362786||
341785514||
864208020||
336418553||
325351651||
861112199||
963507092||
862141132||
378782352||
378748941||
396881467||
983643674||
396810768||
862155503||
396869036||
963574361||
378752803||
983978854||
357033226||
396807377||
983692608||
983950105||
863631896||
972553266||
378739114||
336401459||
369284873||
862106963||
325375404||
325320789||
972599601||
396848375||
963537321||
357040701||
863622436||
336454416||
378710567||
861148739||
963588252||
983940683||
963548029||
369291634||
983609464||
378709000||
325381969||
378702847||
341767310||
396889169||
862155463||
963562693||
369289098||
325377684||
863606640||
325361657||
396858978||
325396896||
963504846||
336404156||
863611540||
963541676||
983995957||
863627630||
336414517||
972548081||
378717900||
357028171||
983657810||
369217347||
864232386||
369257726||
972591758||
336466534||
325347566||
983664831||
963545381||
325313032||
983643244||
357089402||
972535773||
341765574||
378738877||
983959325||
863612982||
336497012||
336415220||
972590992||
325338431||
369254852||
325344669||
341724495||
864212890||
862119476||
861112998||
972542901||
357051150||
983959857||
983621791||
357037408||
396817114||
963560947||
378796808||
861132349||
963515554||
861177935||
396813949||
972505972||
861130725||
593967140||
972518857||
864263582||
861163109||
396860740||
357086225||
864225887||
369266023||
862171123||
862124371||
396857104||
983696681||
963512661||
336455350||
336414594||
336495894||
336475664||
325398079||
336467261||
378710952||
378712960||
972569016||
336415156||
357010023||
341705553||
983936317||
336484303||
396835975||
862143968||
862125311||
369227808||
341713468||
862195699||
963509497||
862119168||
357020393||
864257714||
862184510||
983921047||
336449105||
341749339||
396849084||
983683982||
336422294||
983626431||
862126090||
861172653||
983635619||
341782536||
963517424||
863665618||
862172541||
325355057||
864200190||
983656576||
983679631||
325328507||
357083587||
983620992||
963541354||
983930110||
396886527||
369272681||
357099925||
341716503||
341711948||
378732439||
963549002||
341770942||
357081314||
983913095||
357089027||
862191042||
341790663||
325333768||
863608456||
396879215||
369232822||
861158940||
864215805||
357039588||
972521208||
369288687||
863678749||
378781982||
963539119||
863609443||
864297268||
863635211||
396802127||
341732967||
396809093||
325391743||
963553797||
862137890||
325308506||
862104105||
963575517||
378789545||
336442174||
864291768||
861113036||
369208156||
861127198||
325388251||
862179556||
357063034||
862143591||
325397062||
863631677||
983910136||
863619931||
863683223||
341779834||
963596913||
336470287||
357082664||
983939571||
378732896||
972580188||
863658996||
963598515||
378773736||
862177289||
861133522||
972552763||
341783194||
862115523||
369262406||
369217767||
378782011||
336420382||
357058950||
963533441||
336442119||
862154704||
396846759||
378744122||
864257663||
325302504||
972521856||
341793880||
378779893||
357070904||
378711711||
378707337||
378791658||
341728452||
378713856||
341771131||
396874066||
963514473||
357054355||
396849248||
378719112||
972512756||
862159353||
357083584||
963552905||
863644608||
341754083||
963566251||
972509561||
861125146||
972534993||
336499749||
341764412||
341799262||
325362518||
336414059||
325386713||
369269890||
378788330||
378780174||
369281411||
369222633||
325353364||
369223474||
864298393||
983911747||
983990692||
325374069||
863642636||
862177045||
325308253||
983954611||
963522578||
357087935||
963543257||
863670643||
983610816||
963513400||
863635426||
972551839||
863662785||
861100493||
983677084||
864255052||
863699376||
396817838||
861119986||
357058038||
963517059||
341705552||
336419591||
983997706||
336491134||
341743476||
325306214||
963523082||
862160485||
983655633||
357019826||
357038238||
336410687||
396826158||
972520431||
862119738||
861157427||
963516409||
864200897||
357067905||
357034386||
369242271||
983616437||
325325806||
325395843||
396858764||
369252279||
378727226||
972509340||
963590867||
369250189||
963513640||
863682678||
357089280||
862130348||
369285227||
325338022||
325337297||
862157549||
396874108||
325308014||
963515092||
983948922||
972596921||
983626592||
369235901||
336491248||
983989892||
864203747||
325328437||
863620795||
863610155||
369265900||
983985294||
983961113||
861137766||
963503705||
369243248||
336463843||
369286707||
863617810||
336401226||
972529677||
325339262||
336419476||
369250798||
341700306||
325320909||
369221586||
369224435||
972523501||
864213863||
357027283||
862192014||
861194357||
963577585||
983954138||
972509054||
963563297||
336429426||
983965274||
862180460||
325376624||
369214156||
369233633||
325309570||
396809180||
983992692||
963531772||
341715591||
357021261||
972598834||
863671597||
357014539||
357016227||
396895017||
341703640||
972582825||
341799902||
341797977||
357042483||
972501821||
369259778||
396845714||
864293774||
863670238||
864285990||
864280189||
325355068||
378778349||
983939776||
862146762||
864291459||
369216005||
369251425||
972533852||
378742241||
861170920||
862167923||
972544706||
983693370||
972583054||
396826298||
357038070||
963595846||
862178862||
863685486||
341760964||
861192801||
396858914||
864231647||
983981831||
341750288||
983631627||
863635770||
357069315||
357014899||
325339027||
357079569||
369278069||
396802407||
864205448||
378745044||
963580216||
357011863||
378721800||
378700632||
972592432||
378728779||
369222110||
963540178||
983934485||
864218201||
396854531||
369222059||
863688670||
864256099||
369224468||
963582795||
983921131||
864211855||
378709645||
341703107||
357096219||
983622345||
983990117||
357014948||
357020291||
341733308||
396886373||
357078276||
357049049||
863639679||
972551075||
378771055||
325336816||
378757878||
972543931||
861128772||
863612089||
369203310||
863687340||
863698908||
972521074||
396850912||
863614048||
396804407||
972517765||
861152060||
863611103||
369256945||
863694069||
864200740||
396857522||
864212189||
336469039||
378766841||
396801000||
983681278||
357016452||
378729596||
336473371||
325372554||
864280817||
862152233||
862122935||
369215343||
861170216||
336426190||
863697316||
972562198||
369236059||
357038260||
357073384||
369203173||
336474673||
325342278||
341715287||
972551988||
983924350||
357034661||
396820369||
864289620||
341736982||
341717399||
341734942||
396809745||
336460310||
325377315||
325377714||
983676458||
972572603||
983901858||
396886429||
863685792||
983612169||
864256416||
963586061||
341758076||
357098278||
983981032||
983965863||
863628462||
862175109||
861170398||
325377721||
863614676||
861142662||
341732173||
325392228||
336421009||
861182741||
378789976||
378729231||
396853715||
378745018||
341741922||
369212759||
378710848||
396894994||
336404992||
983660912||
862180218||
396869279||
972597225||
983665748||
864291081||
378702193||
983626758||
972524712||
325361538||
963536942||
341773530||
396895616||
983671033||
336492388||
341747913||
983998672||
378726989||
378775949||
983932520||
983901309||
325333372||
336416390||
861165779||
325341044||
378710255||
983695685||
983964121||
983985455||
983696950||
336476920||
396811827||
336439224||
357079762||
341745381||
972565522||
325393140||
862109131||
972566755||
396811418||
861168437||
983914112||
336419888||
983984995||
325358034||
861116153||
983981107||
864297059||
983920563||
336418264||
396843073||
357060678||
369275859||
861115118||
325313522||
963569802||
378766440||
983900716||
963547220||
862150029||
341720268||
357049050||
983684480||
357038047||
341728616||
396858491||
396843503||
861198832||
983952427||
983642863||
963575566||
861147884||
396860586||
972552635||
972544701||
983912640||
325342412||
369264093||
325343127||
396807488||
963539951||
963589371||
357049757||
983953481||
983664324||
963549003||
341753636||
369291256||
325391169||
396889102||
396885858||
336452970||
983695168||
864263807||
336431325||
963594710||
396813668||
378745462||
963587773||
396854042||
325346496||
972518302||
972547604||
863633013||
357077660||
863667917||
396837063||
357041047||
972552611||
864204169||
864266662||
378771898||
378744456||
369225887||
963576084||
983902995||
336479663||
983642725||
983675770||
369264197||
864250437||
336478059||
963534019||
325346051||
983985646||
336490063||
862179828||
325351815||
863612331||
863623297||
357065207||
983646924||
963577665||
378709935||
863673896||
963591392||
861175301||
341755690||
378720763||
378735665||
983656500||
963574498||
863640210||
862190255||
341745057||
983689394||
369291092||
864244867||
325318068||
396818352||
336476127||
325384575||
341710662||
972578746||
983948211||
325364278||
864225752||
862138369||
369236991||
369296568||
983615744||
861147703||
972532927||
862173215||
369297373||
963524833||
369245912||
864291101||
378776416||
972510752||
341705339||
341759249||
369203534||
863621844||
357042762||
357000733||
336458891||
983939214||
325398057||
325317627||
864258582||
325325108||
864229719||
341717847||
396834165||
864245674||
336405627||
862132035||
983943729||
963569894||
862136171||
369214276||
963548016||
972588415||
369286473||
963584156||
336414944||
861147974||
864204728||
864255166||
378795422||
341714778||
341784948||
963510486||
983629841||
595236200||
336454871||
341720858||
341758848||
325313852||
863631823||
983981165||
369213148||
972512027||
862161158||
369285399||
341751675||
963526318||
983636144||
963530711||
972554144||
369249775||
983638788||
861147516||
972588154||
357003372||
983972338||
357094878||
861185451||
963548713||
983989505||
864263863||
378745599||
972534001||
369229232||
336464197||
862147457||
983992492||
341796626||
336464328||
864236318||
357089474||
396824597||
861194437||
396807274||
864231416||
863654799||
972523594||
369233993||
369291738||
357024387||
863612823||
983990865||
325335433||
862194017||
864297406||
862182120||
325391493||
378754404||
369232811||
369225050||
983910077||
369218639||
972594040||
972550866||
357020542||
862189965||
369231427||
972575508||
972536449||
357094172||
336487159||
983669193||
341745538||
378744440||
396801840||
861108176||
972504303||
369284057||
963569361||
963590721||
972543565||
963596630||
863632376||
369269477||
864202679||
861146370||
862199571||
369293198||
972567037||
396891624||
863679953||
341708662||
369223058||
357004651||
396801675||
336460979||
396837062||
396845084||
983679755||
378796373||
396801595||
336458591||
963571321||
972555231||
369203188||
861106146||
972500633||
972547196||
325313422||
983672075||
325348849||
864254473||
864270881||
863650454||
861143552||
369261308||
396882581||
963552642||
972593156||
864294622||
325390973||
983970755||
396810867||
963530550||
369286675||
963588822||
396823525||
336440704||
396824415||
396891457||
396880388||
599102001||
864249480||
378794889||
325328135||
972536121||
396878604||
369247271||
972503306||
325369751||
963588689||
357011807||
863668022||
378786141||
336465157||
325389432||
972582110||
963508481||
983965398||
862119764||
378793629||
983653066||
378723530||
336471803||
983999631||
378743280||
396821028||
369203741||
325319927||
369265898||
983662123||
983693681||
396860985||
972580023||
325396611||
325381852||
983665177||
369250854||
369270486||
341784047||
325366306||
325358820||
378727452||
983976208||
972545163||
972527448||
369299849||
341703109||
357064577||
864248447||
864264375||
396847496||
341769291||
396842447||
341735496||
378737005||
336488954||
357008528||
862129560||
325315513||
983638627||
357059144||
861118901||
378717899||
861111311||
357025282||
396866053||
357006680||
983967247||
862146509||
983960982||
963556346||
972512962||
963525474||
972532110||
369279231||
861165691||
972504169||
862112561||
963567172||
963529424||
862155228||
369293306||
396809099||
983653542||
336493115||
862180024||
325373218||
341714002||
378748520||
||
864270423||
963531124||
336458775||
396823850||
983951564||
336402332||
341159253||
357091421||
972572416||
972532376||
396103943||
861814665||
861113432||
378713847||
983607572||
378763452||
357051080||
357073280||
341129810||
862109362||
963514180||
862119417||
862114961||
972599323||
863817269||
864268597||
357407991||
369203267||
336495726||
396825003||
369587606||
396837651||
325369622||
396839663||
396655708||
864225225||
863868604||
864285161||
396832043||
357044638||
336483551||
357023691||
369285136||
357060055||
861166694||
396469019||
396690681||
325382026||
862122500||
972066945||
963188236||
861150427||
341761316||
863831317||
863804512||
357029962||
863669174||
325353733||
369265960||
864274849||
864246877||
983696711||
863643955||
378278958||
862148690||
983604638||
357996307||
864242311||
378756453||
963557730||
862102146||
861894754||
378741568||
983616934||
862171536||
963523970||
341734060||
396872670||
378799203||
325330649||
983979923||
357429259||
341740085||
369270778||
963572012||
369235239||
963108260||
325306774||
369564594||
963539347||
369282544||
336445330||
396841261||
861128565||
864253239||
378718392||
336447888||
357075440||
972503749||
983656615||
369577254||
983920873||
396858417||
341732000||
369200535||
357413987||
378761500||
341775133||
336443797||
369519596||
983660371||
341106616||
983925541||
396839809||
861880103||
864253287||
325387697||
357450820||
378791864||
357401029||
963566200||
963552372||
369259968||
369269577||
963180889||
983627398||
357048995||
369225744||
378254443||
336422563||
336423367||
378273215||
862116776||
972530226||
864286096||
862135485||
357064291||
963570699||
396623139||
861174302||
862128088||
369459917||
357046955||
341175342||
862184460||
863806124||
863648965||
972584108||
862106331||
325368876||
972555309||
862102258||
336411603||
863627145||
972093514||
396612050||
862182703||
369231675||
378717940||
396842071||
369691121||
862113380||
396121845||
983675345||
861145530||
396836210||
378795202||
357090898||
336446568||
336488700||
341732296||
336447126||
341714130||
396800278||
378776485||
864243882||
963181021||
864221915||
325372920||
863889342||
341158444||
369231217||
325375109||
861174152||
396158188||
963569104||
341771795||
983655360||
357038668||
396628048||
357461380||
983935361||
963540633||
983621093||
396443932||
972590458||
861198122||
396475445||
325339740||
862134509||
864239020||
861193591||
862191254||
983675721||
325377410||
863482894||
861835167||
963502425||
378714996||
378150638||
341174883||
861173209||
341746004||
369242321||
963519554||
336401025||
336490286||
341781142||
863600070||
369284032||
369285144||
983653320||
972548768||
369226645||
325345834||
862173472||
983954120||
983662770||
341788937||
341764537||
983667770||
863621308||
341971033||
369239700||
963563796||
369460994||
336446757||
983680906||
972059896||
972506000||
341125079||
863685758||
341707221||
863892366||
983643042||
963573056||
341755080||
861830323||
983651819||
972594346||
341956836||
983976016||
325390559||
378276731||
863833937||
972515830||
396824715||
396420938||
963578020||
369266439||
396148461||
341736343||
861141979||
983661348||
983907221||
963565566||
396860038||
341974960||
862105821||
396688209||
396815411||
378708531||
341764749||
861177735||
378710464||
357084407||
325393297||
325347367||
336416745||
378729779||
341768345||
972586213||
336615901||
325310015||
357954790||
341722731||
396676980||
369238245||
336486048||
378131195||
369546913||
861122751||
983960064||
325317652||
862107126||
378194350||
861122729||
341179294||
862182978||
369237610||
972530387||
325351124||
325362703||
369474494||
972567848||
396435987||
863668416||
325308741||
864256090||
378735547||
336486081||
357020906||
378705746||
963594930||
341149870||
378708856||
864213166||
983994356||
983967583||
378792756||
963193845||
862183267||
369413196||
972563877||
963510330||
357052428||
861889216||
863660113||
325340041||
396677567||
378283134||
983625386||
378189549||
863676802||
396631166||
341759551||
396436850||
863880209||
863621439||
378123093||
378787688||
963184814||
963588339||
369615709||
863453102||
378774792||
369597745||
862159602||
325347354||
862100888||
863673000||
378766216||
336404810||
357047885||
396888651||
369262231||
396426111||
357951040||
396422014||
357002125||
863450876||
862105544||
341195200||
963514115||
862161953||
369506971||
378745453||
357900459||
864213926||
396401778||
378743369||
369564723||
369214953||
369608439||
972544433||
972097126||
378708755||
396695768||
336630217||
972072566||
862184812||
336434725||
378101464||
357022689||
983606128||
357430181||
396456548||
862120687||
396881472||
336406508||
983926073||
369295552||
369297781||
863890261||
861861800||
357093872||
983684224||
378207589||
378235492||
396662527||
972519580||
983600517||
357034355||
862115648||
396649278||
369605525||
378794279||
972573568||
963554328||
864261921||
336484402||
325378992||
972078257||
396612285||
357037013||
357473542||
369605886||
336496691||
369509002||
972567618||
396889751||
983623417||
369246944||
357994750||
341901703||
863828292||
357026261||
325335065||
369500447||
325324894||
378732857||
325344220||
369276053||
862199022||
369492474||
325348591||
341932698||
862137167||
378757975||
983610974||
963587137||
863689663||
863401263||
963579592||
369573475||
336446924||
341702071||
861170811||
972573804||
357976739||
378175072||
396104169||
357942150||
378783030||
863685539||
861175343||
963546241||
357402571||
862170062||
963565559||
972561380||
325305261||
336428863||
863620183||
396858028||
336473778||
983959667||
863404777||
861141638||
864202548||
396896855||
396152969||
378717190||
369449161||
378770404||
336476949||
396813961||
357928803||
378711921||
378134203||
396615056||
863684894||
983667664||
963560979||
864299597||
357044042||
861811558||
863429925||
864251468||
396647663||
336496987||
864287941||
341167020||
325354708||
863455658||
341174287||
378746123||
983948280||
864257758||
378202195||
341172121||
341170352||
369637724||
341720986||
357076858||
983996610||
357049660||
864215066||
863499972||
378752457||
357435584||
864251651||
983643015||
341118559||
396447540||
336614457||
357990240||
341112827||
963583795||
369620513||
336478215||
862115619||
972596284||
357465415||
341935854||
341770492||
983693709||
862139780||
396436735||
864249699||
341156639||
325364497||
396667040||
863622602||
983961806||
972050980||
341705926||
396188729||
357068220||
864228715||
983683224||
861113402||
863684202||
983673350||
861812571||
861847486||
396866833||
864264363||
864280835||
864206039||
983611441||
341766236||
963539251||
862146692||
862791735||
357074284||
336421883||
378713947||
983617199||
983675208||
341740540||
972505428||
369244046||
369420116||
378734862||
357480000||
864243263||
325341055||
378748171||
983625794||
369473083||
336435277||
369520556||
963155429||
325302603||
369511980||
378179728||
369277013||
963588371||
983615704||
861898040||
396863176||
357939421||
862174311||
863406157||
369295719||
863667152||
336420044||
396889794||
396660978||
396664635||
357000892||
963530620||
378101154||
861130876||
861163112||
336421242||
341738417||
863884170||
862159404||
396643296||
861159858||
357023734||
336442578||
378228118||
861806849||
983674515||
341174988||
862120212||
357088677||
341746210||
963585612||
357406858||
378752381||
863813380||
396496155||
325343755||
862107350||
863413656||
341152259||
983985627||
863425717||
325329224||
396873009||
369461764||
863812962||
396171117||
861167411||
357995679||
357953070||
861171255||
336667361||
325309318||
863611886||
396476003||
357068338||
325355408||
369569206||
972092130||
862164245||
378791924||
357027923||
963100658||
325320646||
369658073||
336682611||
983677575||
864295984||
336488152||
369511682||
861896277||
336484455||
396863119||
357993878||
972075781||
341730386||
341706390||
369600913||
357022852||
983926006||
341959696||
378777917||
863401579||
325313900||
963554820||
341957191||
963570867||
396439630||
325352595||
983645043||
341186502||
325330327||
336651806||
357093380||
396401731||
863812247||
983624142||
972556441||
396887550||
357470823||
862154934||
357005675||
396896594||
341939260||
357082981||
963521397||
396432713||
341778047||
983956753||
983930085||
336626792||
341710668||
378138992||
396452275||
369552221||
378700872||
862171383||
396464394||
396624347||
963542073||
357412656||
864284296||
378275681||
369450213||
357019506||
863824449||
862191534||
861876088||
983937360||
341121380||
341704746||
341972369||
369533735||
357004787||
861145225||
357020198||
983904282||
378241502||
863823522||
861166137||
369215058||
357451297||
396480788||
862188129||
861181803||
864215557||
357400557||
378777375||
336457040||
336666552||
336676471||
861100012||
863617962||
863837537||
963122143||
378241315||
972589882||
963196011||
357007205||
369258377||
861133544||
336602832||
369233285||
396844308||
983914294||
972594574||
861144139||
861830221||
963508210||
396492433||
336675561||
861185893||
863650908||
357082608||
369238164||
378735585||
983966200||
369257190||
396640444||
862131757||
861107829||
963599615||
863404679||
396842338||
972079082||
325379751||
341763411||
863657115||
341101413||
396667656||
369693391||
396193052||
341741924||
341161377||
396871183||
983973857||
396434936||
336406656||
863451013||
972582264||
357074281||
972533388||
861865982||
325364356||
396842370||
861135836||
357046976||
369514329||
325349664||
963190435||
862175232||
861161943||
325334472||
336675370||
862166180||
863816023||
396858201||
378714747||
341953714||
963526030||
396490764||
369503606||
983936271||
862101562||
861119556||
861857995||
983960424||
863626009||
341726075||
325367731||
863486832||
357462525||
325383474||
983984363||
862134559||
963507314||
972564370||
863433476||
341749327||
336697608||
341773852||
863406379||
983652967||
963536838||
863679342||
369233449||
341960274||
983640439||
378792280||
983929522||
396412113||
325325147||
369620704||
378777831||
963186013||
861157365||
861161555||
396602777||
396842247||
369228713||
336642437||
369239604||
863885792||
378152292||
963549666||
336660633||
863469724||
983642056||
396898836||
983938468||
341998349||
336436807||
396608457||
325334639||
369676918||
861802332||
378744619||
862136957||
325352160||
396843746||
864278980||
369477360||
369297438||
357466696||
863470675||
863623995||
983976167||
357426559||
972008177||
864250754||
357055308||
336488601||
341113903||
983960486||
357011125||
369676169||
861177229||
357002678||
357032068||
963539805||
972501419||
864288360||
336464187||
378738045||
863464178||
378769977||
963192817||
983906204||
864274122||
863408770||
378737713||
863660003||
325336270||
378170629||
378715552||
861850804||
325364244||
396854018||
378260430||
983929562||
369511544||
862184437||
357459714||
325379895||
357043861||
972018323||
972515856||
341787929||
378211689||
861106973||
378702124||
396859900||
396478199||
341947053||
861197110||
378141985||
983651501||
396689608||
378767574||
863860567||
396816619||
862149795||
863404320||
378745606||
983614540||
369676620||
863816444||
863684944||
983961613||
378703439||
336493972||
862138679||
972518150||
325363098||
378236739||
963110101||
983670505||
861112431||
864227573||
357951935||
983670091||
396679857||
369226415||
862199868||
963508530||
863694362||
864230340||
325341880||
963598890||
863669208||
396492550||
983699554||
336431959||
357940306||
972542408||
336659512||
369296406||
983627528||
369665748||
972582389||
341779477||
341780434||
378144171||
983949849||
863439494||
369446651||
369285066||
378762265||
336478996||
862103276||
963196871||
378179673||
357070305||
972592620||
983984849||
861899106||
861158323||
863838612||
336690130||
863671564||
396825733||
863486792||
341197677||
341752700||
983987763||
864239563||
369601729||
396870239||
341749906||
369295999||
861152471||
325308941||
369441257||
972563046||
963583804||
983944096||
378153293||
983619083||
972509675||
864223164||
341771865||
983945908||
369699254||
963148067||
369528201||
325304473||
336419550||
378706975||
864246350||
396113865||
325382773||
861182188||
983638278||
983998138||
983942174||
983940897||
864278913||
357001903||
336449993||
862145927||
341994199||
862181645||
396680017||
357035800||
369494399||
357455965||
864262268||
396675080||
369548301||
341724221||
963582830||
972502885||
861191256||
972508214||
983998366||
357985635||
963523748||
369248480||
861856992||
396848074||
972517856||
396809916||
369228260||
325371678||
378128548||
325332976||
357994504||
357089785||
864251223||
862772930||
963569505||
341110933||
325302937||
862776805||
341765406||
862103711||
863661603||
341777316||
861899437||
862772839||
341733520||
861153477||
863455190||
378192337||
862169578||
983604830||
369660768||
864209677||
336444803||
972508940||
325319267||
963101300||
341740632||
972009316||
378132970||
963534338||
862136932||
861112254||
863629977||
396684606||
963575245||
336695468||
378242412||
863687256||
396683580||
396876349||
341737528||
369215314||
341123170||
378771653||
336654237||
341754743||
369225401||
357489786||
972511434||
378102431||
341907386||
863640856||
369603013||
862782511||
369288296||
369483001||
336415692||
396461410||
863489873||
864298575||
863667018||
963558013||
963199419||
983902563||
357988105||
972538082||
863869417||
378776812||
862780289||
341113664||
369297384||
336434929||
396827341||
325391576||
357953298||
972574843||
972574014||
369599571||
863490729||
963503805||
863887775||
963541086||
396847334||
396461816||
863427397||
863845154||
369505401||
963549408||
378749553||
983620436||
378744530||
983602369||
336420730||
863446855||
863895406||
983692298||
325300880||
983940529||
341951038||
983999015||
861869184||
369279725||
378766053||
863871023||
336415549||
983639693||
336484978||
862171408||
341767518||
983909238||
336428871||
357996205||
396118714||
341774720||
863403151||
862127568||
325355071||
336663253||
861196848||
862132557||
862123971||
336604880||
396651279||
861880893||
863661321||
341789243||
341735747||
336435886||
863620011||
983972645||
325335174||
357070643||
357055571||
336472060||
983967598||
396891229||
378117937||
983610801||
341923397||
396117779||
983940480||
983678016||
369697519||
378232331||
863695915||
396663735||
861179158||
861119902||
357080033||
341156972||
357058874||
378117934||
861827411||
325376044||
861122033||
396896605||
357922901||
864290317||
396859411||
863667411||
378707580||
396456015||
983993452||
369570778||
863868745||
862122881||
369591852||
864262668||
369534502||
357049190||
862102318||
963529270||
863460876||
861834390||
396812150||
983659554||
983620794||
972510685||
369215309||
357075269||
983685328||
357432681||
983657748||
369639628||
983612043||
341193796||
983684640||
863615907||
963549626||
983933299||
378730452||
396421421||
369247529||
357043428||
863681982||
341173857||
336448631||
357470139||
369250682||
325382227||
861129532||
378220243||
963168187||
396127174||
972518600||
396455915||
357003329||
864256398||
357018541||
336696971||
863671972||
863436368||
369478330||
369475950||
862144732||
357938852||
983934631||
369260076||
972574382||
861194472||
378704490||
369579447||
336415846||
378797377||
396827245||
378782191||
378259763||
378739951||
863846395||
863809618||
863682153||
863664146||
972505540||
378793761||
861876935||
357022739||
341792805||
357094614||
325375501||
862171132||
863482254||
396889748||
396137880||
357071308||
369255725||
378226862||
336405309||
336470216||
863849166||
972547786||
864292469||
357086010||
357967977||
378151991||
336436589||
863812780||
863430323||
983604192||
396479661||
378265515||
861131736||
341912075||
336485644||
863897385||
396418790||
378710043||
972513946||
369697235||
863606339||
369289394||
396824632||
341712663||
861845096||
963529943||
357434039||
963148889||
378758856||
396629496||
963579583||
862121036||
341114111||
396800564||
861892347||
861844936||
862184158||
983996765||
378145850||
325390820||
396823869||
336485893||
357092319||
863645780||
369594188||
369604782||
861126728||
396666139||
983688814||
972065208||
861856434||
378202320||
863646273||
863406397||
862110311||
341787160||
378759242||
983687909||
864225324||
983960018||
336648716||
863846455||
863661285||
341918981||
369231708||
963569705||
357092531||
369278796||
336679340||
336436014||
863615019||
336427647||
325350004||
357055312||
396157834||
378755290||
378781303||
341764678||
864230424||
862787894||
378242987||
369465004||
357039775||
336661516||
862189461||
862148187||
861141962||
863632737||
341142357||
963576859||
336448836||
357044422||
357048266||
369209711||
325337811||
963120111||
325371096||
972525940||
369200051||
378724525||
341978688||
396646007||
862168697||
357009386||
369259913||
864256425||
341718033||
396691333||
863674208||
369561353||
963195314||
357041552||
963531204||
864291802||
862136390||
369562641||
861155211||
341924615||
963560394||
972583993||
369576831||
369278885||
396867238||
369457496||
325326849||
983619630||
983609538||
341909417||
963534358||
369224934||
863431450||
325325931||
396423729||
972569353||
357073615||
369280438||
864215404||
396439666||
341757235||
378747396||
341123803||
325394448||
378707989||
369536451||
983626030||
862199760||
357069464||
983662317||
378158367||
863680519||
357974609||
983694737||
972087207||
396838682||
369532523||
378788952||
369542737||
972519305||
983624911||
357469238||
863402453||
336614662||
357028628||
594577732||
396813262||
861888111||
341729836||
378208526||
596757784||
396684160||
861184879||
325382987||
396406425||
864244797||
357035771||
336672150||
863463074||
369288474||
336475866||
369668867||
983978418||
972537454||
863842332||
369297282||
861128309||
396688945||
369460642||
369632321||
325351067||
972548424||
983670778||
862197061||
863633705||
357036526||
396497730||
357036118||
378191884||
396137008||
983609333||
861197868||
861140454||
863639286||
336619726||
963553441||
357001140||
862102781||
378742822||
862173965||
369221382||
369253353||
357032866||
862170644||
983937218||
863836886||
983961315||
972502821||
357401689||
396194462||
378729085||
861194995||
963547744||
864275850||
341917751||
336452054||
861190706||
336647246||
325379712||
341123865||
325397108||
983951583||
341114210||
972502641||
378146123||
357401401||
972596022||
396176016||
862185006||
369580054||
369559209||
341173528||
396839206||
983632084||
341100738||
861824616||
336450478||
325302079||
863484661||
983911401||
325390998||
864207080||
341966473||
369516802||
861102478||
396631339||
336622431||
336403364||
396825296||
861177258||
357087100||
396443933||
369253356||
864295102||
378727667||
336626500||
396140540||
325330494||
863839232||
863607049||
861836120||
336488718||
378223793||
864213059||
341756723||
341770233||
341747381||
983659708||
325388182||
983698371||
863631021||
862127975||
357496308||
864278331||
369295235||
357915349||
369248339||
378251713||
972516880||
357083311||
972012354||
336408395||
341115555||
378711482||
336428609||
861800483||
983923404||
357409692||
983904761||
864201937||
325322170||
861854860||
862116195||
357937392||
378194326||
336491429||
863601275||
341151262||
369643301||
861868837||
396895026||
972568749||
863485429||
369650223||
369651231||
863675391||
862173373||
861850987||
862109943||
357403194||
963501714||
863635472||
862158833||
396475838||
863879814||
341140845||
341798945||
864225942||
378251058||
861196734||
396199813||
863437257||
862132709||
336481188||
396489168||
963187613||
983943732||
396838779||
861135388||
963551203||
396834764||
325396860||
357977459||
861873657||
972557069||
357003439||
396642899||
863605946||
863891772||
863430909||
396859475||
369641220||
341129269||
863653417||
864279154||
378229015||
862185035||
983666906||
341938613||
341769374||
357060224||
863441958||
963132800||
983993403||
341790504||
336681355||
963585897||
396408252||
369216281||
341764975||
861130431||
378783362||
983928247||
357076752||
378744886||
862151302||
369591175||
378789452||
378252040||
396899487||
972555690||
864277898||
396197332||
396619106||
863604472||
863890604||
378204099||
861891815||
963192770||
341723662||
336456295||
369230545||
861151906||
336426879||
396825960||
396815293||
341972610||
357095061||
396646259||
369606895||
341728629||
336409711||
336615138||
369295210||
862185183||
357947764||
378792727||
341797638||
863697046||
862107236||
369221947||
336450916||
341985621||
357096240||
336471343||
325393527||
357046019||
396614314||
396101232||
863412706||
863671960||
863888888||
863854889||
861111018||
972541802||
378749451||
972571274||
863480212||
864270059||
863874503||
369291820||
341148011||
972589313||
341734996||
341148174||
863617357||
963123787||
861894948||
396848305||
336437604||
864232861||
862778320||
369244776||
863678575||
341910861||
861186255||
861174529||
863442354||
341758709||
862176041||
336651422||
357013978||
861861207||
336473135||
396808374||
369275139||
378219329||
983672819||
963509119||
341168418||
357012651||
963575719||
396128345||
983645414||
369223322||
369216515||
396896922||
396898632||
378155556||
325397304||
963565446||
378777879||
378751594||
357017514||
336450690||
396818237||
369229771||
369468892||
378716814||
972591611||
369276209||
378707741||
864212996||
357427393||
861150913||
369278204||
864205255||
863699108||
983607152||
963543650||
369641757||
357069007||
863657939||
357974101||
378792168||
396473375||
862187475||
396808469||
863494480||
378168997||
983975712||
325348538||
863670892||
357041118||
972573346||
972533242||
863637673||
336412764||
396806445||
369596252||
325357434||
863653805||
378116808||
861836445||
357050988||
357476812||
336456168||
983641591||
336651837||
336470598||
378174243||
862106720||
861188569||
863607209||
396486213||
863889660||
396136057||
369261829||
963145841||
378164438||
369294639||
357025292||
963124116||
983954472||
341739930||
341958894||
369517398||
369272744||
983623611||
378706222||
357992878||
861111733||
863654262||
963598932||
963577285||
369465880||
983651558||
863895945||
341769129||
369453592||
396872682||
378734172||
336432341||
861833659||
396684131||
336498216||
378150985||
357431240||
983630594||
983949721||
861161050||
963106954||
863653504||
357967866||
963167068||
378791886||
863458856||
396854222||
396417778||
396882616||
369625393||
357496047||
863443900||
863636662||
864210751||
378725242||
863618922||
396412621||
369666650||
972576571||
378722644||
963169959||
378783342||
396106549||
863632797||
357029229||
378212470||
341707979||
963502630||
983950880||
378727125||
341789473||
341775497||
369433408||
862156493||
972543500||
983906036||
396891987||
357410276||
983959895||
336499411||
972087656||
983620764||
357067401||
864238579||
357443443||
369290060||
983922858||
972578601||
593939423||
972548664||
396882894||
325319431||
336475914||
357028957||
341944330||
972576995||
378179372||
862185224||
396808115||
983683101||
983613106||
369576566||
864294405||
864282351||
357006456||
396866542||
396867231||
983990203||
369227856||
369560415||
341714894||
341188388||
861142118||
357446603||
983693467||
863457617||
357083290||
341701584||
325349232||
983973955||
396461676||
861182246||
357074336||
861816304||
378710194||
862155617||
864264393||
861146777||
396689677||
864274757||
357062797||
341793616||
369618987||
861131960||
336433930||
863450835||
861131647||
983990553||
963186745||
861107162||
863674418||
336666930||
963597382||
983963495||
378789637||
396803135||
863483255||
396494735||
983684362||
963510887||
378741805||
396883392||
862132887||
396809614||
983614711||
863415840||
972538027||
357454509||
963538314||
861124859||
963521900||
396641117||
863488769||
862110972||
963545077||
972032046||
863870715||
325337269||
963529138||
396692905||
357008226||
369478762||
336499950||
336431521||
341761973||
863488990||
378704643||
336456858||
378740247||
357953410||
972509502||
863614007||
983967284||
861115435||
336639173||
396805749||
378795938||
357967938||
983687626||
341729751||
341764108||
396135516||
863845002||
862133956||
357906578||
983665782||
336404803||
325392722||
341956518||
369283688||
325305188||
336446797||
396868396||
325372342||
341733598||
396684749||
369258521||
863662422||
861874464||
861182388||
396664720||
336609423||
336492579||
861861120||
983617528||
341799851||
863864220||
325317113||
861857807||
341941926||
864224453||
336466510||
341122695||
341711706||
325396400||
341981158||
369286196||
357036967||
861110337||
378230272||
863613590||
325322609||
341748980||
963110064||
325394337||
378201025||
863662726||
357008270||
963165392||
336487910||
862167486||
369494583||
863626419||
863628637||
861805801||
396652050||
369527838||
861105758||
325369016||
357073084||
863675988||
862794761||
357942708||
357000894||
861151171||
861157944||
341790397||
341722810||
396884908||
378786188||
861171921||
357088764||
336677322||
396897758||
863685207||
963543821||
325360989||
963567301||
325361929||
341106018||
983677183||
325385029||
357934369||
357000409||
864241800||
336420516||
369434072||
357067703||
378168108||
963514567||
861124464||
357000221||
357413473||
861103397||
357052312||
336660871||
963522460||
972507722||
861100907||
378705711||
972556114||
325365927||
963574970||
396439012||
357075684||
341772028||
983950609||
396815992||
861123467||
396853320||
378264159||
341992072||
862128376||
325374919||
341900467||
325369562||
325378870||
963505906||
862101054||
863861291||
378786504||
369272225||
341727234||
863652273||
862143431||
336672082||
861137249||
972577741||
378744905||
369655245||
972548336||
336690728||
325393417||
863629012||
972532753||
864210895||
369204729||
341759670||
396140066||
357407805||
369596622||
862140799||
341943715||
341734271||
336442212||
357017925||
863840151||
396846888||
357900170||
972585698||
378108352||
341766876||
336405038||
864222292||
396627071||
341119269||
341753576||
325328235||
963171342||
369220657||
341712935||
861136199||
863640791||
863437904||
341952505||
861195575||
341738548||
861846907||
369266401||
336449340||
862199279||
863650856||
336648759||
369270512||
369217031||
378212880||
369505676||
378717214||
862159004||
341970383||
861134291||
963174722||
863853983||
341755341||
369506313||
378754485||
863858244||
325332905||
378714790||
325303111||
861833778||
325395984||
863666775||
341980885||
396835243||
972591507||
341724600||
861874619||
325393634||
357036087||
357042858||
864272500||
963510069||
396830108||
864232609||
864249916||
336489322||
862196285||
396489087||
396882488||
325322606||
336630505||
341102530||
863614877||
325375430||
336611852||
378796673||
396804376||
341797881||
862186687||
325311225||
341975098||
396821551||
341747487||
341794504||
341728054||
963567925||
972099847||
983673289||
396450424||
861888257||
972598291||
369228509||
862156444||
396854760||
369458489||
864230480||
983644964||
861164059||
378170183||
963508567||
863686086||
369210506||
378785530||
861820650||
357023560||
864286877||
396849377||
378799595||
378764921||
336607745||
357039635||
863652656||
369255711||
396448107||
861870591||
963581485||
325396635||
378727154||
972514059||
864275727||
378113572||
983930209||
336697609||
325316440||
325398191||
863689124||
861101455||
357029145||
862137657||
378786902||
378287902||
983685177||
963515861||
369580872||
863678059||
963102874||
862111226||
396891429||
396821286||
325391545||
369635908||
396892352||
325350973||
325370993||
369482417||
864206751||
357033657||
325399288||
972585424||
963506124||
863869696||
341737843||
972511270||
325373379||
378769853||
863666135||
369541130||
369265135||
336440038||
963581220||
341708262||
863844771||
861132678||
341793981||
861812127||
396807223||
863669512||
972058848||
972565535||
861197990||
336489370||
369440044||
396142949||
983920106||
336434306||
862165860||
861843867||
369207587||
325390412||
983605250||
972040948||
357086394||
864242984||
963575641||
972539409||
861191455||
369233495||
396133531||
862198449||
357037677||
983695796||
369208773||
861190876||
862187824||
336698227||
863681049||
325381441||
396890038||
369267845||
972023818||
369643641||
396692986||
972016337||
972064651||
861196638||
963538600||
861156958||
861137215||
336422040||
864274739||
369664330||
861100787||
963571806||
341700237||
591873391||
863420877||
864219847||
378726771||
341145001||
369599030||
336460347||
861179488||
861135207||
864206166||
357053478||
357955156||
963561358||
378257487||
378729083||
378257240||
983918037||
983621200||
336428865||
378153911||
357077574||
863899728||
972508895||
396421215||
378118957||
369422396||
862140804||
864299032||
357002931||
863685778||
325392512||
378776958||
861875301||
369456981||
369289412||
341736714||
963559618||
861101777||
341769194||
863637045||
378143860||
963160308||
336435081||
863669609||
336683717||
378750690||
862103915||
369644003||
336629292||
336461470||
864249456||
983623554||
963134477||
336440056||
336493559||
325383466||
972557010||
862150558||
863685447||
396869461||
862187012||
972587817||
378749078||
864272965||
983662016||
862127170||
369200340||
861121709||
396627517||
396657460||
341102259||
861179481||
341940538||
864276693||
325319026||
378709049||
341188415||
369529928||
396870080||
336428889||
862136809||
336414948||
378146658||
336498579||
341770792||
863869363||
861822205||
396169694||
378294135||
396430194||
864208237||
972594570||
963579271||
861828881||
336456144||
863678256||
378156772||
325317382||
369520015||
378717528||
863623973||
357020745||
396843774||
336621577||
325333505||
983996299||
341928192||
863418442||
864223280||
863430378||
325304879||
396887383||
325364981||
336433540||
357008709||
369449202||
861147917||
862193691||
864278099||
863404717||
864298067||
341773863||
863435437||
861144701||
336689660||
963575021||
378702846||
963156298||
864256494||
378745875||
357497026||
863881821||
396866656||
863461103||
396813536||
963119472||
369228181||
963191021||
369690001||
963590596||
336454892||
396138229||
341758311||
863607663||
357470391||
861174738||
396853112||
863457495||
341106283||
378718867||
863641525||
341740672||
972587452||
861175822||
861166649||
963501163||
369695341||
861105904||
341726768||
864226775||
325336584||
369244996||
963539231||
378752878||
378754499||
341908930||
861182735||
369546445||
396614683||
983616503||
963535625||
325353046||
396671638||
963576680||
396841565||
963574830||
369400502||
357052124||
863402201||
861111726||
325386599||
861117071||
863619940||
983934318||
963550733||
863425023||
336415697||
341705040||
595261178||
341793339||
983952074||
861149536||
861158879||
972010399||
983958173||
396626815||
862797641||
378709564||
863677090||
357062537||
336623997||
369288617||
341706022||
963565192||
325353305||
369423841||
861185302||
861106716||
378771344||
863667272||
863613854||
863611941||
983644018||
357920433||
341124261||
336434660||
863877637||
972590056||
378780868||
863650554||
861849575||
336450357||
983907885||
863690605||
864255316||
341928910||
378712568||
863451913||
862191109||
396837034||
341122120||
863615784||
378217738||
864285024||
369633591||
864241560||
369620025||
862176260||
378294804||
336414465||
369244307||
378212874||
396445348||
862191078||
396895431||
983937063||
863633026||
378711470||
862162277||
378190139||
357072447||
341182743||
861875250||
336455229||
336468666||
863454635||
963563261||
341718603||
369535909||
863641244||
972587699||
862181508||
972571103||
396689358||
396875424||
863687845||
336675467||
336415359||
591801766||
864268792||
396864709||
378176135||
378165319||
396405868||
378759382||
862159857||
336488801||
972598172||
396822990||
325331173||
357092197||
863665896||
357458470||
963508026||
336413268||
861820490||
863829227||
341703563||
861882299||
378722178||
864202801||
341707779||
396435065||
369523090||
369688318||
396839330||
369556390||
862156876||
396820622||
341702905||
341740860||
862150907||
325371742||
341132300||
862127044||
341721447||
378109345||
378258653||
369267290||
357410428||
863612578||
325305249||
972598025||
862155175||
378109427||
864204604||
396106629||
369227904||
862103381||
861186811||
861888317||
861150807||
341159027||
378726304||
369275304||
378726444||
861886617||
861199011||
863621656||
341998472||
378740200||
862146040||
972029102||
864286477||
972557517||
341788971||
396830641||
863403116||
863689592||
378768399||
378729150||
325383562||
325383532||
378717244||
863684536||
862134109||
357430005||
325327615||
336403884||
864201130||
972512849||
863492727||
396437638||
369241073||
863643458||
341731659||
861864605||
972578488||
369297669||
378705572||
983962743||
378143126||
357007844||
983964153||
963554842||
863637660||
336488814||
336642978||
863400745||
369640710||
336410526||
378798667||
369416639||
864241064||
396693360||
396447068||
325350274||
396825664||
336490389||
341722367||
861172827||
396617131||
357050680||
972592439||
963507096||
369418109||
396181964||
357092405||
369591811||
862124173||
378212372||
861122649||
336430873||
378784545||
369596818||
325360446||
863632818||
862192187||
341713816||
336688644||
862104022||
396850921||
357098229||
325380596||
378220306||
863655923||
863666544||
863601145||
983984756||
863450248||
864269526||
357040313||
864201698||
369463497||
862183879||
325381700||
357419047||
357050570||
396852700||
863630689||
341752608||
861120093||
863863041||
861103480||
378790825||
396673436||
864212415||
369613020||
396121749||
378759623||
862796743||
396888017||
864249649||
863627271||
862169933||
862779411||
325309334||
341996603||
963505790||
325307560||
378727364||
357417502||
863614641||
861121400||
369288047||
863452357||
369418682||
357001750||
357938060||
325331273||
336403109||
863671531||
341196462||
369477586||
861124035||
863869531||
963191577||
325359462||
863431902||
972598309||
336684605||
864223805||
396628022||
369236546||
863604758||
983952758||
396688040||
357083187||
378773672||
972554182||
357927697||
369236418||
396809079||
341763501||
963554510||
396614159||
862157546||
336406460||
378717379||
357457301||
341749696||
861856042||
862145671||
861881264||
863856311||
862162756||
863829977||
863614698||
396495999||
963529181||
862167943||
396633269||
325345027||
863824774||
862104647||
341120314||
864296199||
972531559||
369688550||
378164977||
864217411||
864201110||
341942679||
972585728||
341184388||
862114948||
357473254||
861185369||
864281648||
396811002||
341727474||
861808743||
336478060||
336663876||
863895306||
396477933||
369287640||
341755689||
378176109||
396840583||
864264741||
863850106||
863636477||
863437451||
972573206||
336423733||
357010388||
862128164||
396607337||
396190682||
341781309||
864234816||
863831968||
863431749||
378778082||
861172764||
336461054||
861849000||
983991800||
341181460||
862158900||
396837621||
341706311||
864256190||
864285366||
863652378||
378121829||
369216529||
983646551||
972543831||
863652397||
369234088||
357047031||
369643701||
341736782||
963556599||
593260199||
861178810||
864226795||
863495787||
396835010||
972548869||
378203495||
325315976||
369567619||
378768633||
357051533||
341988392||
972060698||
863437956||
983973291||
863645728||
357063574||
861120523||
972525198||
341711786||
861115642||
862799618||
336437635||
963500783||
983666901||
972533331||
862138328||
861167233||
336424606||
863497899||
963533100||
861186832||
369646095||
396434280||
863624636||
336682838||
863678886||
341716387||
862145396||
336438321||
861174381||
357072194||
357084294||
862159250||
378798854||
972009925||
336487936||
378122059||
863634193||
972537864||
862178664||
369296436||
861145764||
972531023||
357055578||
963524943||
357459687||
325344158||
369274964||
863845240||
983644331||
963542807||
378260292||
336447399||
378131255||
864206697||
862104505||
861129685||
983689525||
357022204||
864250737||
369610439||
864212249||
864206115||
357401481||
963566041||
963154869||
378299820||
357924431||
341735971||
396476282||
396607360||
861180776||
341101812||
369559422||
983607710||
861889294||
378705839||
983937788||
378730812||
378783943||
396636505||
369233767||
862131598||
341907860||
863696379||
336483107||
983948491||
861115010||
862186088||
378796097||
863634237||
357097975||
862110182||
862790671||
863698049||
357023995||
336634625||
396846802||
396693525||
325326667||
861133849||
863409402||
863858939||
972551096||
861108144||
325352791||
378299438||
396634120||
861131953||
861148303||
864294312||
861118343||
369466975||
983639055||
863624193||
369660658||
396179122||
983913111||
357018025||
341742758||
396680294||
341723315||
596370081||
369630448||
863605454||
369427379||
357001907||
983694176||
369436073||
357092395||
972010185||
357089242||
963511014||
863808725||
963589883||
862109284||
396177183||
341945200||
341771408||
863434033||
369501227||
862156850||
336441254||
357069603||
862108491||
861197160||
341992827||
863469363||
341799599||
862104194||
963534847||
972597638||
983648624||
396687345||
369455004||
336457034||
972589015||
864248439||
341704318||
341794633||
396167282||
972535955||
325352780||
369208882||
396490763||
972009939||
396874973||
983925783||
396459924||
864242229||
862189326||
369471846||
972586906||
862133559||
861894472||
864286133||
863617086||
396425870||
357073391||
369250830||
325381416||
972505924||
972043598||
369249907||
341162750||
336451979||
396198567||
972538127||
369684722||
378100853||
369264755||
396806449||
983609784||
861107191||
862132114||
325396889||
369478752||
963501634||
862116838||
325364883||
336469956||
396822321||
325324998||
396696858||
862117908||
862170351||
369409114||
357913024||
325362220||
963552524||
864243182||
341981932||
396850756||
378211870||
864231060||
596873941||
369215137||
983948439||
396686879||
864256332||
357946077||
862176379||
863401435||
378166314||
378753628||
396471334||
983695709||
336498816||
863613569||
341729541||
369458634||
972521500||
861893357||
863667260||
863669048||
378281923||
861879886||
325337516||
357452629||
378765291||
863650875||
863689636||
369478636||
972571841||
963590193||
369531389||
396821217||
325301877||
336400980||
336478248||
863488730||
861126427||
862169301||
861156490||
357006021||
336404279||
341110221||
963533927||
336413514||
357413312||
325370922||
369412077||
983626081||
863667875||
862186025||
369214381||
369550523||
862169220||
983651516||
862115323||
341703501||
861141510||
861806333||
863627524||
341782152||
325348601||
357483451||
341785496||
983918439||
341772191||
325331735||
864228196||
863609839||
336467480||
336478440||
862173449||
983944141||
357932471||
972062483||
325376459||
983933482||
863649538||
983997750||
864230619||
396614619||
972511205||
341940184||
325396599||
336443876||
983616945||
862120711||
863637632||
396429084||
861895747||
983999120||
983651303||
862148902||
396894274||
357013266||
341714126||
983926809||
861115969||
396668328||
864280824||
357940735||
861162450||
864286188||
369592493||
862193098||
963583267||
861127632||
357001268||
396898100||
861111315||
972036705||
396413876||
972538953||
325331325||
983656505||
864264465||
983688513||
396859825||
963516428||
972571113||
863417404||
864231190||
972061871||
863675765||
862100772||
983691437||
396624824||
369595087||
861196462||
864245910||
595279079||
341964792||
336427853||
341718992||
357943957||
863656658||
396806762||
862107189||
863674551||
357944072||
864240328||
864278774||
862198124||
341116670||
369695593||
861831895||
396879177||
369419227||
378748702||
963545053||
369522402||
972551601||
983629450||
861822812||
963547072||
325307445||
396813746||
863404708||
863645486||
378754093||
861184830||
396636326||
357067275||
341999199||
378761491||
369549844||
862130086||
357095855||
369211997||
378718654||
862124185||
864271327||
863606656||
369257154||
864256695||
336416327||
963556065||
341971484||
862168025||
357055481||
378252381||
357031293||
378130208||
863610522||
861118172||
862126533||
357407258||
341732369||
325340892||
863686849||
341704465||
861134057||
983613439||
862181241||
963139282||
325360152||
862172965||
357458172||
378762659||
396116467||
378772812||
864243723||
378215791||
861195293||
983658644||
357094761||
369523007||
357431816||
861100152||
861177248||
357498573||
864278315||
336667643||
983689263||
369549263||
341771846||
864214105||
396412961||
369207709||
862116841||
864258854||
396491946||
369548184||
864246214||
378124566||
341967782||
864251135||
983646664||
325319657||
861865907||
396632041||
357940055||
861171590||
369281458||
863694900||
357020422||
341721274||
341955994||
396839744||
963167177||
396852113||
336426221||
863408744||
357976110||
357037806||
396140647||
972589460||
396462718||
325340663||
357002815||
861171294||
863881592||
325383784||
983663590||
336636846||
863615181||
