639480045119
639184980015
639393881341
639219483896
639190876743
639982491155
639219427903
639613405186
639988466383
639190609953
639703245402
639319473744
639494176918
639182442609
639494653879
639631154458
639199303105
639507376071
639199801922
639087906100
639196692619
639075053917
639465458236
639422070454
639289558630
639190644615
639495754604
639984915551
639394213417
639984608336
639306112176
639189638675
639189189175
639205476691
639216206173
639988858518
639190618451
639690632825
639683683474
639635159014
639499107359
639398871302
639608664716
639464402321
639480277448
639469874427
639516444679
639422070454
639684477144
639302757186
639994694295
639637229475
639491325997
639489214336
639199236989
639076366876
639981697774
639089024901
639487920531
639393414085
639208054017
639505432260
639982055993
639989626955
639399062502
639380822368
639707912322
639209532001
639088751776
639082904139
639992204105
639473261497
639394004101
639505432260
639985317017
639476476967
639989684379
639385433949
639983779573
639485274292
639435999512
639612480318
639992203472
639292537225
639190819125
639296236199
639288016029
639303342923
639686025568
639685402899
639328662409
639507128664
639293461574
639487248712
639399371694
639219212273
639499610322
639613233753
639618219505
639318044482
639088886741
639202315263
639995171625
639198221841
639982958520
639503886247
639199542243
639298604492
639395578189
639685910779
639685246980
639613793008
639296818516
639102773301
639190646453
639997187400
639074496486
639608564244
639282463797
639388422690
639255833415
639304355742
639105172465
639397978812
639608900959
639190996985
639107360448
639509998896
639476321025
639091600454
639510449590
639128667064
639310261030
639076277216
639088939385
639499448755
639129932741
639234476291
639992203706
639692194668
639198199934
639471075732
639506704462
639318378956
639309782417
639075891042
639503496225
639488365615
639397737403
639380875224
639499091588
639096358612
639511146846
639093752260
639682042696
639985518149
639495891359
639199801922
639998834542
639464776246
639304066818
639086574970
639992203500
639608932488
639106188951
639985899965
639514516144
639614223826
639089024901
639691893564
639984915551
639286832487
639634874119
639301242399
639230823450
639089953195
