9859797660||
9512288772||
9685665806||
9290974756||
9128182130||
9812370047||
9504369535||
9854870275||
9817897462||
9682386719||
9704525521||
9637262270||
9318767314||
9480556190||
9703427584||
9194429331||
9106855427||
9514263202||
9318386085||
9183484237||
9817199242||
9859063660||
9126229617||
9094524777||
9602743659||
9466062866||
9700491731||
9092435898||
9124186275||
9103196701||
9608700852||
9812154664||
9193775203||
9077327271||
9078232199||
9480642022||
9706527972||
9472706055||
9811944071||
9085846645||
9214197873||
9811590123||
9301057279||
9489591400||
9816932339||
9811498395||
9433205911||
9125289242||
9100857316||
9685438829||
9293211976||
9981508589||
9461808716||
9465061999||
9108631317||
9193675520||
9639588211||
9812415731||
9293974264||
9815477315||
9296974264||
9280278267||
9814594076||
9124042399||
9814829396||
9631699059||
9187246582||
9637153757||
9704839508||
9468215955||
9702080534||
9812974875||
9429542985||
9602294617||
9619614913||
9090500826||
9218427417||
9197037226||
9206753168||
9811289309||
9632663697||
9097059434||
9106403395||
9619025988||
9695622836||
9300298739||
9071846511||
9811721371||
9602718734||
9515595370||
9097059434||
9383949063||
9128117528||
9639068140||
9692169777||
9637109608||
9318771302||
9075254694||
9692588515||
9817282765||
9109448270||
9814467783||
9691758934||
9812668583||
9516289589||
9511796522||
9475893969||
9811297391||
9812708561||
9196844777||
9814502637||
9705965769||
9701812871||
9424947879||
9460491039||
9092869070||
9192533260||
9497593005||
9602437888||
9854634281||
9708365083||
9463647046||
9305854545||
9632946404||
9123547986||
9602608114||
9468400430||
9197825064||
9817587982||
9637767468||
9383288999||
9462689517||
9603319101||
9816126696||
9487466258||
9602878558||
9074597851||
9687150066||
9630360550||
9506100800||
9812627062||
9380641417||
9815880855||
9198785135||
9099017031||
9285729698||
9391673836||
9814235782||
9307462063||
9618680177||
9519518256||
9812781320||
9474670289||
9512462322||
9852659360||
9810392409||
9684448901||
9120043040||
9704875276||
9306751551||
9295342128||
9856568817||
9397060741||
9280434729||
9488094546||
9614236720||
9700200037||
9480882883||
9121767609||
9121764296||
9637727838||
9999214850||
9293177062||
9707851990||
9476947172||
9696421184||
9812091377||
9636558986||
9473298811||
9464722312||
9687188534||
9308233287||
9709818292||
9512347126||
9205565242||
9323422700||
9318507714||
9121808063||
9120043040||
9811108054||
9389103436||
9478476140||
9854950568||
9634007324||
9518717443||
9460962076||
9638912932||
9103019508||
9094657562||
9705965769||
9392218637||
9814233442||
9811795828||
9701351618||
9984758270||
9296848908||
9312077970||
9104801636||
9326967342||
9126931711||
9638290512||
9105999628||
9480870650||
9193629538||
9692168604||
9852827788||
9707682345||
9506798726||
9318794872||
9121233179||
9816833456||
9513370730||
9280129484||
9817217048||
9634204901||
9994149939||
9602288121||
9704903667||
9463072757||
9387819478||
9391160474||
9497955760||
9396555330||
9513027557||
9123067320||
9090821380||
9384877081||
9981487513||
9488823138||
9198113048||
9219197376||
9303375981||
9094005649||
9328009955||
9515971745||
9517959730||
9811005305||
9814369379||
9481117552||
9685557406||
9602911836||
9516338033||
9122907759||
9510643353||
9812488573||
9851629759||
9517722623||
9198785135||
9854455640||
9696228718||
9696076589||
9500452427||
9606986907||
9381224162||
9850864493||
9859340168||
9817369702||
9474188197||
9631565931||
9385718701||
9392341518||
9122782196||
9120081692||
9304893967||
9705116486||
9102077110||
9812627062||
9604154574||
9497762028||
9856117805||
9859965493||
9309720020||
9814803813||
9705330296||
9852602329||
9694389864||
9487806176||
9076489393||
9686368321||
9193635242||
9099335701||
9616911795||
9317047456||
9817259844||
9637087241||
9391148738||
9109262869||
9471126729||
9203120159||
9852602329||
9851063443||
9706178141||
9508948972||
9075383394||
9693051876||
9101958887||
9708346222||
9500987959||
9516622180||
9071139324||
9853507790||
9504855091||
9692942557||
9106714476||
9604331154||
9103186861||
9817263385||
9810028188||
9985175001||
9076186516||
9464814723||
9614534282||
9634387817||
9511554302||
9817434044||
9709278178||
9103112435||
9815519341||
9483962010||
9318951791||
9515197854||
799521407||
9630329667||
9817818988||
9817170273||
9515304967||
9690515671||
9107053910||
9810077431||
9094005649||
9513514131||
9703072507||
9853507790||
9816771825||
9302442658||
9851063365||
9997028290||
9305348718||
9692592494||
9604690640||
9616614856||
9604280972||
9637064809||
9637410092||
9285725567||
9301564710||
9123533247||
9685209571||
9602312017||
9814034286||
9512219287||
9705306861||
9511181686||
9426533710||
9994878723||
9480248931||
9999536298||
9109336682||
9319972213||
9638112711||
795497082||
9203059718||
9611179736||
9709591487||
9482394534||
9108070261||
9482987048||
9813188481||
9467195255||
9203819940||
9384515199||
9122268725||
9709809934||
767666504||
9102327504||
9303258994||
9296639494||
9853912367||
9515475426||
9070193956||
9854984230||
9502749106||
9611765186||
9701459231||
9206920511||
9071721035||
9813786847||
9093415961||
9853628975||
9812974875||
9106875300||
9851125793||
9478881314||
9197368979||
9851431445||
9696258474||
9486095170||
9815479233||
9122215172||
9288976631||
9103171207||
9515319929||
9468995922||
9604095463||
9483859979||
9817525917||
9380277543||
9070056006||
9290987607||
9703315238||
9696166382||
9815448491||
9327241773||
9515130806||
9473797664||
9817682966||
9602533748||
9701073633||
9095452298||
9513173106||
9510421802||
9813852889||
9693882919||
9634486372||
9512855053||
9852662087||
9101379689||
9705559471||
794234552||
702381589||
768433502||
767107493||
9856541858||
9071979819||
9101547558||
9081127500||
9203503112||
9706913518||
9127135468||
9605572847||
9090972494||
9099150690||
9494665764||
9631996054||
9505071293||
9281603597||
786046879||
792805484||
9090169030||
9503034069||
9107916710||
9517752258||
9853716067||
9478719160||
9487259736||
9298009723||
9682118029||
9508147599||
9859881104||
9702987762||
9217808087||
9515676979||
9218166006||
9464949856||
9602618818||
9703072507||
9703085700||
9511337157||
9683104847||
9306701001||
9207324873||
9091909479||
9812960242||
9483273559||
9498476509||
9317608097||
9128716499||
9700269954||
9851343080||
9703841424||
9106572291||
9203242927||
9630148345||
9109461000||
9491594704||
9813755923||
9630360550||
9303664933||
9072193674||
9695397301||
9513121503||
9077327271||
9308849476||
9502685328||
9187372878||
9465751666||
9484769140||
9618502524||
9516875734||
9384572295||
9850742679||
9816827688||
9709319369||
9504343274||
9380557439||
9855548670||
9309921697||
9812496377||
9686998102||
788074592||
903278416||
765569044||
939706983||
9812368712||
9687089845||
9503123669||
9693003375||
9202777526||
9817020876||
9478719160||
9855751207||
9383301720||
9610619072||
9298009723||
9298009723||
9108937011||
9308418273||
9095158753||
9100409616||
9704476482||
9499068362||
9319000153||
9854884434||
9484520710||
9127756033||
9507804253||
9486845723||
9100719299||
9466410332||
9984929169||
9128080163||
9074916580||
9491617892||
9124447556||
9695890145||
9233912583||
9217207440||
9854655593||
9632807328||
9691183378||
898660237||
9817864169||
9464678093||
9855063942||
9703411272||
9129677374||
9286046997||
9854717163||
9630120312||
9128648411||
9128648411||
9120779419||
9981567264||
9290844411||
9482779270||
9097940532||
9813777407||
9075373705||
9501526423||
9122492269||
9290844411||
9511222336||
9387033492||
9126420133||
9813954179||
9603475242||
9483916834||
9468408128||
9283985462||
9518920687||
9691775536||
9300985406||
9208236732||
9604189892||
9487556629||
9605666791||
9203354248||
9181274722||
9077933811||
9208014283||
9852226356||
9287680172||
9851417395||
9193179793||
9814369380||
9461598209||
9633352451||
9633328595||
9301718454||
9687323468||
9076205650||
9300885536||
9519676297||
9631731223||
9503123669||
9300060650||
9300885536||
792666038||
9288740367||
9606291214||
9812539815||
9488262026||
9122727965||
9701267001||
9072764470||
9214245295||
9305530604||
9683506337||
9519926978||
9616133264||
9687597457||
9303281511||
9630864782||
9197612242||
9215257440||
9855639096||
9638342638||
9605821194||
9288240829||
9304806238||
9305873251||
9334646632||
9512425689||
9123713366||
9694115294||
9496993991||
9638783097||
9816767347||
9815893761||
9512925569||
9424646786||
9705831433||
9999590472||
9319391653||
9813222243||
9506660335||
9474670289||
9079292796||
9999004805||
9614983287||
9212791447||
9981567264||
9215257440||
9999004805||
9121916880||
9612069501||
9617079349||
9682194946||
9695088753||
9381326040||
9606802583||
9309485117||
9516258079||
9503144185||
9306381259||
9513607384||
9122753786||
9509132325||
9485027411||
9127227432||
9098255647||
9225195873||
9501068339||
9606840752||
901663552||
9636758489||
9078812654||
9078812654||
9605516621||
9078812654||
9493283347||
9612343755||
9995728455||
9636035611||
9203478416||
9982177447||
9300885536||
9319578991||
9694755082||
9701437275||
9703242298||
9691822031||
9810064654||
9095240889||
9199543460||
9708059584||
9464448975||
9197272937||
9104931442||
9389902325||
9815039645||
9615215870||
9694615026||
9851722720||
9614375545||
9306267226||
9515967393||
9073052217||
9818105655||
9474307164||
9487006279||
9487006279||
9632089843||
9813014453||
9632089843||
9859314571||
9684055109||
9103323533||
9300060650||
9128294669||
9300885536||
9100149300||
9614781415||
9099959501||
9308400071||
9517582846||
9203174339||
9184320690||
9705684641||
9074223677||
9475450439||
9608673537||
9488414864||
9633906729||
9604705762||
9390120276||
9687290075||
9280710519||
9388184909||
9194315639||
9309248724||
9634420784||
9518878154||
9094614403||
9474307164||
9817535955||
9335174424||
9619454154||
9207013571||
9423288303||
9516052060||
9257290516||
9515048658||
9197806577||
9813022119||
9103867287||
9070978395||
9691000416||
9852540780||
9812856296||
9605805999||
9489414920||
9306846625||
9508147599||
9814776787||
9995599284||
9811802836||
9619614913||
9603977472||
9484520710||
9481244922||
9684460955||
796735047||
9855419708||
9303384608||
9125822486||
9202789786||
9519547408||
9810547117||
9070829004||
9816808639||
9300495912||
9814746274||
9394346592||
9488686233||
9709286233||
9394346592||
899030826||
772015465||
9481665212||
9505081077||
9602712948||
9615018135||
9209833964||
9513980610||
9187381991||
9301447859||
9703128803||
9811926598||
9513522392||
9851578900||
9687157182||
9633356879||
9851555729||
9812002044||
9695740636||
9318878340||
9511401527||
9500405963||
9309314325||
9207868290||
9480322262||
9852160459||
9703425851||
9300818074||
9475450439||
9123548005||
9303646821||
9851873085||
9384752399||
9707771878||
9500330927||
9195485333||
9077309347||
9811147185||
9610265313||
9076700174||
9215257440||
9859037866||
9197909781||
9685777658||
9504791703||
937279006||
787912593||
9472236303||
9491309742||
9852712175||
9604481567||
9859667236||
9093916009||
9518739925||
9854520049||
9683059552||
9519103582||
9514233042||
9473311764||
9632345380||
9703128803||
9398292832||
9859690780||
9301643608||
9304541816||
9703425851||
9304012761||
9515726915||
9123113816||
9812216517||
9503382521||
9101519260||
9851884220||
774076041||
702177525||
9683059552||
9197425167||
9708682947||
9197317842||
9514249205||
9605771577||
9516253494||
9187014276||
9215257440||
9608495704||
9302097553||
9309869711||
9854861896||
9317945909||
9075089843||
9284720994||
9127608856||
9084358668||
9518711089||
9478845720||
9609188947||
9480126172||
9481211140||
9302830099||
9854560891||
9703713002||
9853589892||
9812482268||
9105272878||
9093916009||
9423368304||
9105272878||
9688573849||
9706968124||
9506823724||
9513202308||
9073972376||
9508050162||
9638342638||
9305097949||
9388386336||
9487848629||
9638342638||
9187779986||
9123388017||
9631953933||
9608628190||
9107621876||
9304270074||
9851504718||
9481205890||
9107621876||
9817977888||
9632345380||
9817020876||
9853763361||
9484729905||
9099704998||
9701060549||
9812519830||
9851274397||
9392785421||
9707795008||
9859379882||
9615372868||
9074223677||
9496534928||
9812150355||
9815916790||
9199220408||
9815380494||
9498155676||
9308837036||
9813564300||
9603446389||
9289019278||
9632096146||
9070622019||
9695631234||
9317850030||
9319340752||
9304270074||
9813154516||
9636960206||
9852225277||
9319340752||
9184941493||
9815604960||
9218619610||
9383543319||
9603442241||
9853691020||
9708408761||
9633667492||
9619614913||
9852473809||
9106619467||
9702262046||
9423368304||
9507884336||
9128618195||
9637892274||
9700362447||
9317766705||
9070673214||
9515280784||
9385896287||
9706738203||
9519897598||
9603295401||
9077774326||
9702549581||
9073185149||
9483106356||
9185897232||
9187476881||
9605273551||
9491277018||
9476894043||
9854817378||
9484631079||
9502516802||
9984060352||
9630404475||
9706125111||
9202979646||
9120081692||
9093751066||
9124665899||
9708472228||
9101519260||
9095850772||
9105711311||
9636960206||
9682380933||
9603518317||
9693474547||
9859765813||
9604696095||
9197771670||
9093916009||
9469625216||
9212900025||
9482859490||
9213320550||
9487855521||
9282284926||
9303369499||
9254673337||
9518757335||
9488887338||
9301457848||
9856273305||
9308031944||
9073173323||
9850867169||
9851265454||
9505927302||
9389195002||
9425293174||
9813564300||
9983648748||
9091195573||
9305031353||
9393479146||
9106287788||
9856198279||
9603446389||
9602187815||
9228343906||
9851315170||
9811731485||
9634520736||
9092078721||
796747859||
9093989991||
9516395315||
9127744742||
9707705639||
9306815748||
9482893427||
9129961579||
9639921823||
9694350735||
9636777174||
9077615832||
9817429111||
9319619872||
9202589700||
9810335784||
9604696095||
9120658968||
9982696026||
9202589700||
9634282602||
9091766462||
9683065400||
9854690288||
9856273305||
9317850030||
9702805826||
9480681147||
9637072472||
9125156524||
9426444188||
9639652667||
9816798703||
9703713002||
9212834465||
9106250496||
9688573849||
9518698648||
9097284443||
9096343775||
9195177839||
9514543559||
9855590881||
9812458546||
9096373525||
9078244830||
9292883411||
9813724353||
9198180321||
9703282920||
9506684562||
9811796979||
9474670289||
9700414329||
9090821380||
9488794008||
9815373541||
9850960105||
9813184619||
9512126169||
9487052332||
9703571169||
9512595244||
9423368304||
9812924001||
9691312658||
9305158964||
9691816319||
9483027235||
9810711543||
9636960206||
9702542784||
9851500465||
9630260522||
9301447859||
9854495469||
9813223096||
9983398226||
9319307060||
9812606956||
9614781415||
9632303564||
9633690165||
9106549541||
9615350134||
9467592038||
9469625216||
9816620002||
9099204402||
9703976314||
9183211414||
9469625216||
9811969201||
9464048982||
9510507992||
9518414998||
9701648242||
9502578044||
9812129361||
9817386891||
9129959133||
9484886764||
9486289401||
9709626091||
9294451503||
9852196630||
9398323208||
9075870821||
9602963020||
9632641388||
9513429836||
9203065618||
9380065667||
9610244374||
9637838463||
794492170||
9989928665||
9484870879||
9855896022||
9512432090||
9301872107||
9505210182||
9506070258||
9705198929||
9817134027||
9812844450||
9302603975||
9702342506||
9387210250||
9612941657||
9695144286||
9386695564||
9850813432||
9510166707||
9813564300||
9091195573||
9812908051||
9484195016||
9073565416||
9089002564||
9693072220||
9462196800||
9298730408||
9991786793||
9326620046||
9475216245||
9683177898||
9620537019||
9614227109||
9382335479||
9604063217||
9096161400||
9092570336||
9467310430||
9854899140||
9611793557||
9810260914||
9461030774||
9707874915||
9633228946||
9682933626||
9632203066||
9393484322||
9996873385||
9998218240||
9099120730||
9506721299||
9810658719||
9219902044||
9079959574||
9708945630||
9603679884||
9695182626||
9816567757||
9429083063||
9608241311||
9086815096||
9388416235||
9606299878||
9305158964||
9308795936||
9301647395||
9635921623||
9125765457||
9813738810||
9859448390||
9120641426||
9207768120||
9602985713||
9703115857||
9707761503||
9854908107||
9638138564||
9615953817||
9122148364||
9073173323||
9507386632||
9387258450||
9696224124||
9709825845||
9462196800||
9685621684||
939513738||
9991786793||
9475216245||
9479506195||
9258549963||
9505849165||
9634228064||
9301817713||
9090582334||
9634343600||
9429980054||
9700654999||
9701324340||
9989174472||
9816323759||
9389870482||
9305571179||
9296614198||
9814146943||
9505155080||
9515749804||
9513519678||
9382631469||
9814061739||
9853047929||
9810711543||
9508161766||
9634940849||
9855722931||
9686275526||
9464677628||
9702873199||
9814720733||
9512723771||
9386695564||
9388892370||
9309447039||
9816722511||
9300860664||
9818039295||
9195905241||
9102443259||
9195905241||
9391707153||
9509053574||
9325824722||
9091856913||
9510519759||
9855496712||
9126869233||
9197535832||
9631559096||
9387258450||
9602470557||
9109235104||
907334156||
9512147544||
9636960206||
9637739451||
9105412791||
9094380410||
9612465666||
9076186516||
9480841561||
9500252434||
9295063316||
9500756720||
9073550935||
9194597285||
9515295428||
9852177752||
9082252825||
9693839759||
9501746117||
9482000269||
9508178157||
9498488685||
9091034860||
9190054712||
9851359255||
9517905711||
9392926428||
9127927503||
9127927503||
9708945630||
774080144||
9813913402||
9484691265||
9859902056||
9234245025||
9503454487||
9469477380||
9694341555||
9489756231||
9608025592||
9287233227||
9302673726||
9381227494||
9325824722||
9091856913||
9982165062||
9099310305||
9709080039||
9817100175||
9109908537||
9510507992||
9815685125||
9812482268||
9685888297||
9217297219||
9081865064||
9190681498||
9690299228||
9196324263||
9197948738||
9994551505||
9814001507||
9706570249||
9102929428||
9482000269||
9603595507||
9189183914||
9813582778||
9074876194||
9219928631||
9304770797||
9811682505||
9811180186||
9513288751||
9707487354||
9852104315||
9505486250||
9683506337||
9708945630||
9092478460||
9184138414||
9702587528||
9184138414||
9636136435||
9093916047||
9811999543||
9511949119||
9856275567||
9700789171||
9224007282||
9705976380||
9812222974||
9510923291||
9309078025||
9606413262||
9462782928||
9810260914||
9700487042||
9816922987||
9302713386||
9197535832||
9814638048||
9506760480||
9603271251||
9083594379||
9071125236||
9851280377||
9071125236||
9083594379||
776250750||
9511316217||
9075540143||
9097533161||
9073034497||
9510059612||
9694612407||
9982100202||
9816329929||
9382864006||
9096616032||
9637521171||
9514546053||
9690299228||
9630772603||
9700789171||
9301872107||
9611298418||
9817561480||
9813530765||
9708247772||
9073173323||
9604513248||
9859072162||
9463468996||
9082453320||
9473927132||
9326689459||
9289846168||
9123564345||
9070359219||
9706109637||
9474670289||
9309868946||
9617277215||
9817517990||
9850811281||
9498137648||
9855038027||
9999710059||
9856214136||
9195905241||
9301872107||
9380088277||
9078244830||
9090936154||
9502310864||
9854355309||
9308497593||
9817386891||
9309969376||
9704846674||
9328504271||
9090997680||
9995636540||
9633506411||
9317023114||
9810260914||
9461022203||
9127783364||
9103366907||
9109689162||
9489197174||
9498137648||
9203874639||
9614555954||
9307441477||
9815081710||
9128766047||
9128766047||
9608666900||
9512726244||
9817429620||
9707692514||
9695973862||
9465995284||
9090631890||
9814969025||
9518216279||
9300025337||
9301872107||
9854422769||
9510519753||
9219105292||
9695040140||
9511126247||
9682834871||
9687626210||
9511126247||
9129050743||
9464339362||
9852000386||
9613301485||
9206144049||
9105542599||
9851570024||
9513148108||
9817086572||
9465689686||
9854468428||
9219876501||
9129959133||
9301428730||
9120368415||
9219573958||
9075870821||
9516609164||
9630604159||
9388052228||
9812114829||
9510262997||
9811801472||
9983495200||
9108970465||
9101583551||
9508971258||
9109191858||
9077445263||
9812166712||
9074720246||
9128427038||
9125834450||
9516601709||
9700630536||
9317254659||
9123456310||
9691545790||
9489204212||
9194435766||
9644051637||
9089365961||
9514623930||
9519816211||
9333263075||
9319098368||
9122587986||
9207968623||
9810615695||
9108366932||
9693211793||
9817685877||
9518665093||
9854878180||
9465253340||
9851387493||
9493503569||
9506381394||
9106372744||
9071609501||
9479574290||
9518463926||
9102008846||
9692213544||
9512081037||
9817448009||
9638867140||
9502310864||
9201966924||
9514514136||
787989158||
9218387028||
9202603731||
9813973679||
9708130709||
9610618750||
9815832188||
9079273850||
9319326210||
9092141556||
9637447174||
9637181700||
9603562659||
9071431315||
9092141556||
9859326020||
9387711808||
9811477094||
9817944936||
9708692004||
9326689459||
9128939367||
9219105292||
9695418360||
9514546053||
9815022033||
9193731867||
9815103936||
9125305162||
9701623224||
9071290920||
9811681561||
9094977748||
9301258855||
9505216142||
9391635808||
9468885666||
9106372744||
9605347616||
9385145502||
9708839838||
9818050228||
9301984255||
9700478201||
9206144049||
9616965358||
9602879792||
9208014283||
9636960206||
9505803242||
9190025076||
9816149150||
9853667059||
9300836253||
9101747205||
9817159149||
9634475483||
9701460874||
9810299225||
9630890127||
9605819438||
9700398570||
9811477094||
9985996049||
9810260914||
9326689459||
9383114461||
9092141556||
9812212205||
9074844866||
9467019537||
9631828393||
9631316325||
9604635514||
9515047937||
9106697309||
9511645688||
9208540297||
9095865294||
9094309601||
9302677952||
9700231024||
9508559322||
9488045425||
9814409975||
9816149150||
9303794554||
9305889053||
9516181832||
9121518021||
9815775954||
9989307115||
9703544788||
9504141166||
9854833247||
9811801472||
9460402812||
9076537576||
9693076099||
9811952273||
9983528352||
9389957242||
9686916364||
9323297514||
9460563810||
9109358588||
9427284637||
9126920718||
9090942756||
9709091447||
9705306861||
9606328373||
9106313412||
9635434661||
9512439576||
9503095251||
9995534188||
9636910445||
9187465205||
9637646517||
9219784309||
9183401030||
9486485121||
9813180111||
9317424298||
9637739451||
9810101269||
9305889053||
9636960206||
9071581424||
9855459530||
9812749512||
9610046665||
9127745776||
9686596864||
9853104901||
9684623682||
9983528352||
9510659709||
9384260501||
9696233588||
9207397986||
9482414404||
9294261645||
9811005305||
9707717330||
9603578067||
9461999760||
9297553730||
9300881107||
9203641070||
9811790393||
9093773397||
9092138424||
9708820287||
9318399415||
9102600287||
9851253241||
9101580117||
9383114461||
9705140208||
9855459530||
9310536686||
9636960206||
9082489562||
9304555426||
9636960206||
9480068622||
9071581424||
9816638940||
9289726951||
9505210182||
9120255058||
9692562618||
9071572460||
9102753775||
9684789928||
9620681643||
9301244359||
9606578489||
9319206674||
9323297514||
9289991971||
9816750225||
9517446382||
9187109449||
9516931465||
9193495487||
9380493623||
9074878079||
9810816264||
9197487996||
9708839838||
9639675353||
9991724268||
9311451535||
9606424350||
9289121362||
9630604159||
9199206167||
9852758226||
9701698631||
9101374982||
9991938093||
9193648151||
9212214968||
9464652845||
9702941538||
9432785026||
9287656412||
9393805093||
9505317813||
9122587986||
9478539884||
9603586142||
9704649982||
9318591166||
9514965708||
9811682505||
9474670289||
9510806677||
9184360148||
9285925988||
9100746863||
9493580547||
9610979026||
9319206674||
9207397986||
9489152463||
9102661988||
9636144640||
9634436914||
9856056908||
9468885666||
9812594275||
9690465938||
9518130806||
9468885666||
9507487725||
9106372744||
9852572761||
9474704514||
9391939634||
9510113190||
9698186931||
9080908090||
9472269086||
9082720353||
9288074468||
9195820036||
9073173323||
9695278701||
9855090754||
9636960206||
9107747188||
9078364060||
9395525732||
9511455038||
9856573661||
9078301480||
9855305008||
9317627179||
9092834146||
9097647846||
9813085971||
9811323925||
9095355993||
9812027550||
9074100305||
9075628303||
9701547122||
9510993538||
9093383937||
9634702278||
9487178911||
9302173560||
9433663902||
9077893191||
9187325853||
9301258855||
9391878564||
9852926819||
9615253991||
9692414561||
9696233588||
9704852549||
9480034104||
9859770332||
9812695586||
9814590828||
9305125858||
9229596144||
9859803803||
9109968123||
9102302552||
9694520150||
9855510284||
9702239228||
9287377273||
9074333877||
9301220825||
9207146933||
9706826433||
9381287620||
9810391543||
9859538664||
9708362402||
9506835726||
9993772953||
9099661215||
9517873801||
9480552377||
9692103930||
9435311060||
9705007412||
9814002268||
9383777648||
9816575498||
9517019091||
9100251469||
9072064338||
9387858164||
9511467000||
9486318888||
9851666378||
9682209031||
9303603690||
9484135004||
9810522550||
9619853918||
9853068362||
9706075228||
9391908057||
9387210250||
9812530926||
9195824557||
9517252604||
9690960937||
9098632262||
9686077617||
9859022364||
9196580494||
9701868458||
9683421770||
9816630070||
9684569242||
9463364089||
9085090235||
9693147066||
9813121268||
9480166236||
9690895513||
9634438125||
9467288718||
9071609655||
9319202827||
9104897208||
9319326210||
9302989420||
9632210653||
9812064579||
9617904442||
9507039188||
9702040408||
9813777470||
9073173323||
9467644690||
9635152674||
9303948901||
9505210182||
9855793509||
9466282402||
9460058810||
9287106297||
9517285015||
9811682505||
9691831513||
9105727947||
9517019091||
9604773409||
9603526330||
9982120664||
9854542284||
9091065312||
9708441078||
9505076835||
9100428582||
9207056902||
9634015513||
9854934503||
9125300939||
9811524951||
9812208872||
9855830008||
9502860725||
9488142439||
9467440094||
9693109265||
9382686641||
9812370047||
9815573197||
9639380454||
9856290252||
9203915731||
9617864614||
9393491280||
9380088277||
9197948738||
9811721873||
9193979422||
9514582252||
9487178911||
9851201798||
9688701418||
9095919141||
9298822240||
9293891647||
9312071525||
9092056414||
9296158123||
9707754373||
9288507657||
9101580117||
9091330212||
9608865382||
9100865983||
9122727965||
9383114461||
9309914273||
9603050428||
9859562575||
9129749906||
9239189811||
9706590214||
9997070336||
9513333308||
9483687457||
9089040834||
9301296539||
9700487601||
9513795188||
9105147881||
9124004599||
9078560985||
9097221649||
9093827926||
9127971804||
9639675353||
9203915731||
9285656000||
9435267198||
9604309677||
9380203823||
9709535179||
9696233588||
9701072873||
9101629242||
9517840835||
9104746600||
9620520147||
9515103346||
9705042503||
9486988158||
9319614560||
9516014903||
9387098162||
9507664809||
9708279209||
9630890127||
9072011365||
9814246719||
9686805613||
9852032944||
9300693559||
9853802172||
9513128357||
9609232849||
9511322191||
9707938374||
9081011915||
9102302552||
9516368361||
9701648242||
9636954245||
9854776997||
9093003205||
9508519089||
9709386132||
9853688216||
9488084663||
9701688365||
9478727946||
9854542284||
9633901692||
9638106230||
9634124798||
9127671666||
9630972086||
9859761555||
9091239557||
9812052908||
9634978112||
9480996786||
9502757048||
9075838987||
9107995413||
9092635591||
9381821295||
9075838987||
9519055041||
9305458377||
9466748635||
9518885576||
9516717412||
9605121961||
9501751302||
9291597459||
9319077955||
9633390506||
9982972313||
9630733318||
9815736822||
9616553226||
9282280095||
9464080500||
9703438431||
9707274026||
9318399415||
9207356508||
9852414836||
9503080750||
9472749955||
9093215118||
9126245837||
9694066471||
9485780182||
9851535426||
9702478123||
9519822345||
9517019091||
9630179573||
9292126097||
9300693559||
9632959639||
9637223681||
9120619176||
9691758934||
9102339954||
9078940724||
9503848242||
9815469426||
9078205617||
9684164517||
9695205998||
9707853785||
9606424350||
9460593167||
9462648146||
9126502686||
9092818691||
9463874907||
9636579339||
9123067320||
9694389947||
9305280512||
9480166236||
9708820287||
9506364679||
9301519614||
9814619683||
9859017757||
9105887307||
9602208353||
9505121605||
9421682727||
9073300241||
9811316669||
9853018097||
9466120950||
9308721008||
9207445843||
9129635946||
9509986051||
9322703673||
9197638762||
9425706085||
9386084242||
9691727415||
9811818278||
9700244525||
9703146892||
9385191355||
9388033430||
9854717831||
9203867407||
9503210303||
9811054839||
9460483030||
9107040072||
9635002002||
9203867407||
9512629135||
9706719584||
9709977419||
9810748714||
9092320571||
9604758046||
9287656108||
9851846267||
9074981025||
9604132712||
9309379408||
9812879887||
9695266260||
9855137631||
9702092932||
9507794987||
9702423831||
9097602790||
9639877862||
9087066349||
9810567296||
9295754866||
9690240103||
9478033440||
9393465747||
9851230822||
9318194233||
9702210699||
9319206674||
9501329790||
9690600574||
9612310006||
9709197737||
9072028493||
9855573896||
9129475432||
9460682474||
9319934640||
9101763360||
9386527803||
9301708201||
9850894122||
9207479479||
9709247536||
9813038107||
9855064161||
9100332049||
9507028435||
9702383449||
9187715864||
9693860632||
9105099096||
9706463369||
9207813770||
9484041398||
9856318452||
9293538701||
9108273404||
9478389908||
9811801472||
9395446555||
9694702564||
9856460854||
9859454303||
9204821649||
9469192151||
9460646874||
9514498678||
9816845255||
9214447224||
9296918656||
9203552943||
9509511250||
9298733959||
9613854348||
9703892143||
9514184673||
9687263028||
9604246076||
9381953803||
9129223879||
9605652058||
9382239478||
9855418516||
9696351851||
9384490891||
9518062493||
9851472945||
9516105351||
9617876921||
9423103287||
9683421770||
9854968850||
9089365961||
9389957242||
9108970465||
9475131974||
9859491418||
9075769646||
9810475145||
9090214532||
9489732561||
9284380049||
9811768733||
9203302568||
9815774643||
9632970100||
9817072982||
9859233559||
9109633926||
9686779960||
9811569614||
9304386160||
9603402037||
9317189105||
9426509949||
9638127163||
9486238252||
9123007949||
9435267198||
9701119403||
9514288006||
9517840835||
9811031114||
9637447174||
9300078818||
9813826463||
9300078818||
9510262997||
9488196896||
9510659709||
9692414561||
9695266260||
9300865160||
9690953775||
9702403886||
9323044261||
9701075792||
9816778347||
9636437128||
9998351372||
9630380594||
9636550179||
9696233588||
9686706195||
9604696680||
9387957235||
9512533409||
9093960662||
9852227837||
9491903044||
9519071840||
9691520962||
9304480980||
9608773605||
9100660192||
9190747901||
9701623234||
9078838199||
9489923725||
9707208178||
9460682474||
9391908057||
9102134963||
9122428076||
9514800252||
9461587502||
9518631254||
9071587187||
9814141926||
9488823138||
9810069051||
9308064738||
9422344684||
9510609481||
9305488739||
9859925009||
9510534332||
9385782054||
9511330472||
9100708929||
9198395539||
9705244822||
9815309812||
9630135136||
9512687311||
9813852889||
9496616176||
9696261026||
9317785610||
9511677144||
9515126118||
9293846128||
9120653763||
9077593209||
9620479749||
9288967688||
9615253991||
9994601176||
9810184817||
9707853785||
9611510655||
9319558800||
9072310885||
9107743087||
9509769049||
9481883466||
9817571435||
9817336352||
9514582994||
9503122188||
9637287148||
9283875450||
9076537576||
9319361495||
9707223916||
9814725743||
9489732561||
9851564134||
9999943228||
9813174536||
9989370440||
9611160229||
9855145446||
9694136816||
9099731245||
9324875522||
9853468672||
9287172594||
9814075108||
9518756969||
9197620725||
9859446288||
9630221303||
9105826026||
9382239478||
9632982271||
9518555409||
9070173890||
9502385332||
9288967688||
9201617644||
9300150841||
9484832819||
9684404953||
9128744312||
9813815021||
9515621981||
9610979026||
9635540815||
9707179653||
9126684806||
9610228434||
9318460714||
9604703878||
9605028827||
9851627225||
9859460203||
9076011662||
9381756561||
9305269864||
9081683167||
9613438535||
9633305985||
9617405934||
9516981579||
9303529087||
9852821803||
9465751666||
9470484681||
9513327472||
9128102697||
9466995546||
9701398867||
9817695333||
9700428558||
9639086374||
9812784569||
9817072982||
9691802509||
9308663334||
9487330137||
9503207214||
9317785610||
9704642819||
9102274503||
9706043593||
9610228434||
9604703878||
9094614403||
9855323251||
9123621011||
9854502838||
9380042999||
9514216351||
9859770332||
9122727965||
9092897321||
9814324361||
9855819475||
9817377495||
9634939656||
9486410733||
9104496474||
9852172934||
9687467723||
9812644820||
9630512961||
9187048636||
9516942071||
9708373570||
9811840345||
9513025117||
9816306046||
9202244867||
9070406334||
9303128426||
9100491022||
9632050956||
9702754102||
9198677321||
9814517008||
9090708916||
9512465438||
9087912833||
9482414404||
9704936455||
9501828217||
9604636247||
9811757310||
9282704587||
9070004658||
9501746117||
9466748635||
9810767218||
9510128015||
9851312054||
9123067320||
9600941795||
9196071936||
9859216459||
9318388010||
9464568999||
9072345683||
9475990465||
9817929659||
9854807820||
9096553493||
9386519104||
9696304263||
9123110316||
9464060077||
9391152333||
9333076604||
9519112710||
9511585993||
9393316528||
9072371830||
9615059975||
9519977014||
9202342574||
9511973352||
9318123914||
9855641335||
9859470260||
9996969526||
9480055038||
9634523486||
9491683693||
9707584645||
9686771794||
9690618955||
9851996150||
9853768687||
9853068362||
9101580117||
9208540297||
9383114461||
9608236801||
9602750271||
9099549989||
9090977602||
9617500466||
9814349956||
9092829965||
9202938539||
9816107030||
9851555729||
9104215917||
9515836103||
9513653754||
9460002446||
9124484305||
9077007137||
9704765980||
9859499840||
9854430710||
9852850434||
9467334708||
9074653157||
9854577244||
9484159281||
9703938672||
9502385332||
9218412557||
9212053416||
9811825519||
9465091743||
9281568929||
9467489060||
9854950568||
9851093776||
9109990555||
9636167148||
9093959113||
9289580569||
9515434679||
9071360096||
9095865294||
9810033222||
9512309126||
9464755544||
9638163515||
9102120280||
9612638363||
9381611778||
9814666569||
9996097650||
9489273646||
9317656550||
9850954727||
9517197454||
9814107094||
9702342578||
9498049406||
9389519583||
9229494502||
9093003205||
9854950568||
9308714788||
9814057337||
9859549840||
9504473452||
9283905342||
9318250484||
9685665806||
9291099150||
9631747555||
9817646268||
9691378987||
9519241497||
9604430255||
9817144139||
9498049406||
9811125241||
9304628792||
9102779504||
9482178063||
9129320656||
9682788087||
9390120276||
9071065723||
9814679407||
9484522157||
9091836197||
9497428918||
9300284403||
9467555610||
9614908606||
9703357815||
9196678518||
9124459191||
9859770332||
9514009871||
9079645020||
9851838399||
9708712958||
9853742010||
9810402610||
9685570618||
9514441137||
9099682201||
9982156775||
9497030226||
9075502852||
9631740603||
9487384999||
9695643881||
9387783833||
9076101855||
9305833146||
9092899418||
9630723250||
9389870482||
9501484879||
9854929423||
9700393216||
9514216351||
9077092872||
9488075140||
9070400461||
9126854344||
9687625605||
9604640288||
9125802112||
9815719960||
9636939257||
9811340047||
9203383247||
9120022736||
9995714549||
9700929981||
9195999312||
9388172264||
9207023953||
9700505502||
9125225991||
9120928304||
9389035233||
9214411515||
9702388120||
9198180321||
9101568441||
9475313131||
9604007971||
9683710324||
9810797987||
9509844055||
9514835224||
9854723068||
9102966514||
9850845641||
9695049960||
9815991041||
9815741963||
9197041923||
9517507711||
9285796300||
9706385595||
9502824404||
9093135000||
9464448975||
9102966514||
9464448975||
9073839767||
9517965551||
9700643147||
9129023061||
9383472602||
9109336682||
9817082892||
9631948374||
9464652845||
9852818314||
9706590726||
9850775786||
9462490157||
9504056116||
9636008299||
9289803599||
9297168098||
9518334748||
9603201322||
9704859706||
9810358196||
9193693664||
9707912626||
9426401411||
9813868076||
9702605941||
9632871501||
9811782412||
9487612773||
9466995546||
9480996786||
9812175389||
9515590560||
9816576094||
9817587423||
9105053027||
9300924633||
9811480674||
9462851484||
9503133324||
9498049406||
9235825234||
9517155391||
9075416793||
9123706736||
9510111505||
9518808168||
9999603345||
9633877957||
9205501309||
9319022976||
9509277423||
9234700703||
9708211592||
9482864251||
9335634074||
9467611551||
9815323561||
9636985377||
9636738606||
9694136816||
9322703673||
9700243546||
9855859100||
9514989080||
9853841734||
9098453849||
9301507932||
9103364296||
9631600737||
9502757048||
9685225374||
9983560388||
9091456429||
9614624396||
9706263679||
9128744312||
9480431992||
9608773605||
9077308435||
9642453667||
9462784238||
9602427932||
9318990246||
9205065969||
9081679637||
9470699452||
9859931553||
9704799661||
9305500278||
9513333206||
9815080820||
9288987678||
9853638646||
9695498333||
9612555908||
9472518327||
9394252068||
9983524598||
9075344082||
9851232769||
9517360090||
9605687518||
9305314400||
9484159281||
9071302477||
9705691287||
9103109130||
9099480296||
9489273646||
9120133470||
9101739804||
9089668188||
9634265362||
9207023953||
9475657557||
9124484305||
9812791098||
9854418495||
9813569689||
9812921334||
9513027557||
9508991115||
9127055072||
9855641335||
9686706195||
9502891532||
9107448638||
9631195606||
9305789886||
9704555928||
9685959127||
9517066029||
9481605745||
9812473351||
9701497989||
9233342761||
9707749864||
9499047498||
9814952963||
9487265038||
9498049406||
9811019051||
9704528220||
9109822866||
9318933540||
9817445201||
9205670901||
9197756644||
9815676810||
9099798329||
9810590065||
9190978439||
9478719935||
793743843||
906083030||
9392202416||
9696172124||
9317785199||
9517416051||
9616180891||
9638290512||
9637365241||
9491903044||
9696067367||
9709278178||
9813038107||
9504434005||
9384260501||
9611332108||
9128368548||
9634514614||
9856303019||
9635785334||
9489550858||
9285688749||
9853814594||
9606828812||
9691802509||
9850912548||
9637722298||
9706035087||
9856358525||
9511234588||
9185040059||
9102929428||
9814477988||
9638934477||
9486113856||
9511781188||
9107621876||
9460097426||
9519074019||
9097533552||
9101317389||
9812441714||
9610755835||
9814765961||
9604246076||
9334691038||
9810829055||
9386283975||
9502513236||
9634446905||
9485556993||
9123091618||
9696364325||
9814332535||
9811926598||
9810566903||
9517604331||
9078895255||
9213806777||
9512693082||
9498700350||
9708882838||
9499047498||
9071940100||
9998385343||
9811054839||
9297527412||
9813718972||
789435784||
9606468821||
9125792108||
9618255904||
9096777410||
9289405830||
9294905987||
9123273721||
9382379020||
9485519445||
9108406243||
9502891532||
9704834808||
9380559436||
9630986560||
9071278474||
9851819205||
9705416133||
9494030227||
9308078209||
9204821649||
9389251090||
9604309677||
9491903044||
9851312054||
9700662004||
9383676375||
9100157966||
9100507063||
9327810299||
9634484263||
9509709473||
9859414817||
9307248439||
9303718171||
9109611568||
9811848592||
9631043415||
9854644336||
9232609108||
9706455145||
9197758687||
9702111373||
9515007570||
9687817002||
9487719697||
9634147762||
9317267574||
9818135309||
9219310404||
9518456796||
9120653727||
9513185183||
9813696724||
9811587752||
9076687118||
9104927207||
9236910382||
9506656176||
9498936952||
9128118382||
9816604766||
9998945841||
9506194648||
9813113460||
9851321754||
9609172063||
9426395861||
9519029986||
9815080705||
9812124945||
9482805610||
9380203823||
9491683693||
9464415096||
9816827342||
9463068767||
9305512785||
9705302788||
9082006840||
9100920059||
9077673022||
9709611665||
9308382119||
9855064174||
9511323460||
9505226754||
9707891101||
9854858120||
9100139142||
9859620913||
9129685730||
9489035063||
9471145881||
9079150317||
9815752405||
9692040845||
9087557505||
9488228127||
9508302034||
9705291194||
9636176811||
9382128112||
9694013855||
9817383040||
9317004344||
9702414295||
9298372907||
9855360496||
9505254991||
9851542131||
9691878960||
9501584753||
9812715323||
9816842423||
9296853272||
9318511026||
9104927107||
9382339151||
9106580805||
9851304886||
9998235028||
9184490968||
9707207683||
9108669574||
9491203358||
9484820694||
9517480178||
9311233337||
9817352982||
9694328275||
9639863646||
9301688260||
9811705879||
9513497905||
9286873986||
9070812716||
9399020192||
9389033276||
9318933540||
9510540340||
9513794771||
9615982539||
9513164394||
9074813371||
9093215118||
9707311101||
9856401451||
9518597599||
9384757653||
9501646126||
9709161172||
9083224720||
9637045178||
9283678397||
9631856608||
9077278026||
9489357536||
9501738780||
9853791520||
9291865353||
9297590478||
9859365035||
9703810674||
9480401768||
9813045700||
9703227395||
9095771129||
9100564161||
9205932851||
9383663966||
9817559826||
9462851484||
9852196630||
9306662378||
9388676869||
9120133470||
9094584830||
9631600737||
9602048416||
9123608284||
9684078036||
9812691157||
9632196539||
9514727832||
9436442184||
9297170013||
9109801637||
9102746825||
9232819160||
9505471670||
9327461949||
9859317933||
9304500246||
9388189792||
9513426287||
9382636632||
9639803750||
9501604444||
9096989000||
9302636632||
9512147783||
9602408012||
9812856296||
9703160934||
9639380454||
9634484263||
9505032839||
9469855333||
9635268831||
9815610124||
9608200435||
9816715478||
9813132396||
9635868592||
9291084679||
9700662004||
9317323144||
9395200840||
9706165052||
9854829173||
9071905921||
9071588107||
9076448598||
9815400533||
9464426556||
9817995990||
9811461175||
9515007570||
9810292421||
9466867124||
9487498716||
9614234669||
9423092706||
9122534508||
9382595860||
9982101847||
9482864251||
9636664281||
9818017151||
9104281022||
9702067260||
9203867407||
9709155560||
9304603197||
9462784238||
9703143165||
9203501337||
9101122310||
9709804350||
9128380768||
9602576550||
9519013162||
9074881946||
9637601208||
9815272441||
9613000780||
9102045949||
9515886142||
9499047498||
9814342565||
9296295542||
9287925667||
9202892329||
9288195776||
9507155519||
9635515693||
9203475746||
9124109479||
9308500493||
9503628485||
9693303703||
9703212197||
9488618404||
9639755399||
9082758058||
9109748752||
9704947322||
9383420141||
792470726||
9810633241||
9682203349||
9464768040||
9633405752||
9854859273||
9700943492||
9692334616||
9308689360||
9075539283||
9812418521||
9123422394||
9700881010||
9121676733||
9124748212||
9703714785||
9488221397||
9816407098||
9501322369||
9853636465||
9852195186||
9709927214||
9465016563||
9189218676||
9852074617||
9385880638||
9638651995||
9853753287||
9814672897||
9633075642||
9500811752||
9120725622||
9079628311||
9092498479||
9703481460||
9108824707||
9467417748||
9082453320||
9502787646||
9308487284||
9510553184||
9859752789||
9481070515||
9499821994||
9609053941||
9515034710||
9464523687||
9702202881||
9514290867||
9506781521||
9814067109||
9078445376||
9090206330||
9707908966||
9466177791||
9388752568||
9318458827||
9483255962||
9070294943||
9817244149||
9423668606||
9616148797||
9636456773||
9615982539||
9855881224||
9103476886||
9287195652||
9123688823||
9811705879||
9505208750||
9854950568||
9380444693||
9380937513||
9816374631||
9812722084||
9516714163||
9302381412||
9614802065||
9856032961||
9094539512||
9851386808||
9511609256||
9637849368||
9515517252||
9128382286||
9519357714||
9638771125||
9854775560||
9304189428||
9633225120||
9817675268||
9128382286||
9519715279||
9817240281||
9708803457||
9465297851||
9072401974||
9515168833||
9701113066||
9855488276||
9856023519||
9194486703||
9078481862||
9435267198||
9502695611||
9105842361||
9392155074||
9605106252||
9102294161||
9615982539||
9197313329||
9708437273||
9197201485||
9475842423||
9383959890||
9704555928||
9816634844||
9128723702||
9815695910||
9854832913||
9810090728||
9707833529||
9813219138||
9385275359||
9700569533||
9308807132||
9632846752||
9324882236||
9209102595||
9812712125||
9702781052||
9853633929||
9094012129||
9380942373||
9854762869||
9383126336||
9488711949||
9477963575||
9518173270||
9101357339||
9480802879||
9460346698||
9074162900||
9076414346||
9690116147||
9203911711||
9812252591||
9303718171||
9104202931||
9438596272||
9120921279||
9327810299||
9309579817||
9811567149||
9104927207||
9637088349||
9700887826||
9691060513||
9812943462||
9602157083||
9498487770||
9108669574||
9602647825||
9810904603||
9107099233||
9817203987||
9086654532||
9213418156||
9811620220||
9510337199||
9859242017||
9703653956||
9504959704||
9813977825||
9709072394||
9307876763||
9700849885||
9991398656||
9813693521||
9079184448||
9706645877||
9105683033||
9383347136||
9631973674||
9812002044||
9691788219||
9480547417||
9484022730||
9811626395||
9216048719||
9813122608||
9706246084||
9700947133||
9388881644||
9639889273||
9073432183||
9079550670||
9515005548||
9071494467||
9700726717||
9996937506||
9634106364||
9515259433||
9705905900||
9306215411||
9811615590||
9852809516||
9707579373||
9707828265||
9319189013||
9203386987||
9515249106||
9810499293||
9127354683||
9612555908||
9097562931||
9323054794||
9812664688||
9398653495||
9483223105||
9486304807||
9098083382||
9813977829||
9513806026||
9382530805||
9307300599||
9701983820||
9856328341||
9388910830||
9709235110||
9485176625||
9695113965||
9501770365||
9637088349||
9856190445||
9074529509||
9708912619||
9812025587||
9515422097||
9303020089||
9205226296||
9484753919||
9637161854||
9618548294||
9506187678||
9612023952||
9100118909||
9075344082||
9125613207||
9519544103||
9602071698||
9309653945||
9854477096||
9993151319||
9684531183||
9487466960||
9472060636||
9462851484||
9811318155||
9071001903||
9851156160||
9301840415||
9070812716||
9695314271||
9317895481||
9070461514||
9687356867||
9694932342||
9387272934||
9635167947||
9383765535||
9513030543||
9498049406||
9632248716||
9631017167||
9514119990||
9817440559||
9636381110||
9708016543||
9810074368||
9705309674||
9464787708||
9099940654||
9686132089||
9090651335||
9393909523||
9098499648||
9394355702||
9097387396||
9501113632||
9701765999||
9811739645||
9855571072||
9289094214||
9708447025||
9602000420||
9606693682||
9126070434||
9812037915||
9506052735||
9380641901||
9813997856||
9510062037||
9301561800||
9486858364||
9201347013||
9295368616||
9814916822||
9815410179||
9386801275||
9604626670||
9098626755||
9818098394||
9301562035||
9129467332||
9703439114||
9301040199||
9709671463||
9612555908||
9099731245||
9099221268||
9811892321||
9098594304||
9812622541||
9636451929||
9816628368||
9693546879||
9129551213||
9691258564||
9815633699||
9077454936||
9095743188||
9503611101||
9105308077||
9812829520||
9302217623||
9091736887||
9639803750||
9705623032||
9514362762||
9108683265||
9810187251||
9519169384||
9705905900||
9317450098||
9630062229||
9635167947||
9287192356||
9423339657||
9398653495||
9467418729||
9817939553||
9071828405||
9126908105||
9855020451||
9706736076||
774844523||
9708016543||
9077794653||
9516469682||
9602879918||
9813249254||
9304764148||
9517365426||
9684520401||
9506597239||
9631525869||
9683279364||
9095348803||
9812507229||
9704923629||
9519207462||
9702343905||
9223252624||
9709298151||
9464376174||
9855885534||
9489117903||
9998880866||
9120779312||
9318529107||
9851814331||
9810880345||
9462265948||
9071323167||
9810089918||
9104592957||
9707009281||
9104548630||
9197970739||
9192694134||
9856323760||
9602977717||
9070970803||
9816081314||
9318493034||
9701829292||
9853716067||
9318848657||
9192886233||
9072489020||
9703810674||
9856037947||
9108175049||
9107907023||
9814513803||
9638839053||
9085906436||
9604312802||
9631538005||
9465378389||
9694552398||
9514533001||
9810546582||
9814907730||
9503608193||
9482035886||
9465078129||
9122984102||
9811996127||
9070125228||
9465814900||
9817630874||
9707808851||
9603167057||
9460345068||
9600492959||
9811848592||
9519544103||
9814710543||
9854668206||
9486884828||
9207933663||
9303264483||
9602806234||
9810077368||
9704740609||
9851205071||
9254988204||
9289557205||
9105221302||
9091271111||
9818063837||
9704454777||
9707515529||
9304163733||
9285303511||
9636300528||
9462369052||
9388990613||
9702164991||
9692246413||
9603431218||
9518806436||
9461793162||
9612602066||
9100821622||
9517951124||
9511636341||
9812450478||
9510920295||
9702164412||
9501890991||
9612555908||
9095635740||
9460992129||
9099996799||
9706001561||
9519037050||
9389310448||
9485717378||
9814349956||
9498014532||
9519379965||
9813522505||
9704975706||
9991090192||
9484907054||
9631779245||
9339492143||
9852530459||
9691467978||
9602887907||
9232546399||
9289889155||
9812890930||
9101764440||
9851969466||
9703460923||
9460192784||
9074642643||
9385922044||
9075548299||
9326192014||
9514533001||
9108375607||
9610051793||
9309653945||
9516750725||
9503611101||
9096442721||
9494033878||
9514362197||
9855483537||
9392323394||
9514723097||
9814256709||
9814361426||
9467570244||
9604082176||
9693528535||
9309653945||
9100686953||
9817464852||
9615533190||
9387085928||
9635843384||
9103634739||
9993151319||
9100801424||
9814872661||
9123799142||
9488783905||
9638916334||
9989919607||
9213731219||
9468895151||
9511048535||
9092789505||
9632462338||
9512995389||
9637795681||
9637168505||
9851625178||
9474477347||
9319943901||
9302217623||
9603116720||
9511909280||
9704672395||
9426395861||
9126344841||
9519545265||
9518334944||
9705351695||
9484806312||
9854496164||
9101887861||
9203763500||
9128393491||
9124109479||
9487411129||
9488810640||
9604187033||
9317489517||
9307361491||
703114612||
703002724||
9108198124||
9070027349||
9817560625||
9485436272||
9603007057||
9634069768||
9335052872||
9514498211||
9512995389||
9996784386||
9296184203||
9286547118||
9854701969||
9099731245||
9202743254||
9301511213||
9813977825||
9380641901||
9312105258||
9467334708||
9709731128||
9817056293||
9609321915||
9093480362||
9703184002||
9513625841||
9207540939||
9692863210||
9385922044||
9814346514||
9812418484||
9817550970||
9632016006||
9480575346||
9101521916||
9703886510||
9691012068||
9605341643||
9386995557||
9287869279||
9811594809||
9817510782||
9092328098||
9394330559||
9634871467||
9693339680||
9384470966||
9216598571||
9383640825||
9475756488||
9467364939||
9388680361||
9994861042||
9092992439||
9095030240||
9193767763||
9700865829||
9306662378||
9853490103||
9509783071||
9503611101||
9812449308||
9325679488||
9635598267||
9701362354||
9486328430||
9512710888||
9309137204||
9380229262||
9480882387||
9100931040||
9602139694||
9095220618||
9853846745||
9306443176||
9812481945||
9201595329||
9519920261||
9383478977||
9460691072||
9380918338||
9814440622||
9091828480||
9701358762||
9222807432||
9480701137||
9604635682||
9207347389||
9303844344||
9508917954||
9289057960||
9638970170||
9282995782||
9096060474||
9516061318||
9108886670||
9070783255||
9810208971||
9109294004||
9631423140||
9280305644||
9602000327||
9604233252||
9497228767||
9811764905||
9102312896||
9701508600||
9075173338||
9514755590||
9513446850||
9193193479||
9076818113||
9463045055||
9851663397||
9690545822||
9464757003||
9327468314||
9493503569||
9321068485||
9497717159||
9303612611||
9610201936||
9695420691||
9707869604||
9073867616||
9855858260||
9306662378||
9086516349||
9859279301||
9482542505||
9126667342||
9615356681||
9125613207||
9494033878||
9465603040||
9383916224||
9384203650||
9501929257||
9630048473||
9514069366||
9102929428||
9285838268||
9289962537||
9109322805||
9620681533||
9606290971||
9631959955||
9686160755||
9102915365||
9501376834||
9208670512||
9503850993||
9420343350||
9703285251||
9513255026||
9386092767||
9855396598||
9108198124||
9984219579||
9298000750||
9620707212||
9487114618||
9691476101||
9078534200||
9851587178||
9855598388||
9606727566||
9636563825||
9855430250||
9127776177||
9074267111||
9196904688||
9850847360||
9695427742||
9382576553||
9207146137||
9208854886||
9692860754||
9511007101||
9618329469||
9707956653||
9685401868||
9996784386||
9615356681||
9701835167||
9496766997||
9514623609||
9122516159||
9291474830||
9702231809||
9382672978||
9514932758||
9631928692||
9289844711||
9514252178||
9636297000||
9304856199||
9514481676||
9999166134||
9095234775||
9608659495||
9122978703||
9291242667||
9606047231||
9463805236||
9608275785||
9318359849||
9706340339||
9616331104||
9093209827||
9085628251||
9091459494||
9070364214||
9855799089||
9709076333||
9483421271||
9072154939||
9129007644||
9460665926||
9199461999||
9620644785||
9633268263||
9287610071||
9514930373||
9810516002||
9093866489||
9125642924||
9693162188||
9700655810||
9461330808||
9511884652||
9102929428||
9074183490||
9515667032||
9705384516||
9503203286||
9121668873||
9307410715||
9818128828||
9285688749||
9389932708||
9460345068||
9389885149||
9484247344||
9394422540||
9186723467||
9512668158||
9635920028||
9707665690||
9615356681||
9129535318||
9465814900||
9512995389||
9810049269||
9090697081||
9302640832||
9091673149||
9708049885||
9074183490||
9854545609||
9073959168||
9463689695||
9859946319||
9508752529||
9859693708||
9099864884||
9393459503||
9465814900||
9464721879||
9093008393||
9462037273||
9707560063||
9496597188||
9851062211||
9859464194||
9853717308||
9817063337||
9815675785||
9186229150||
9685539452||
9129298468||
9513708751||
9317840081||
9518160876||
9812333342||
9810894983||
9851283384||
9335052872||
9700793386||
9632935695||
9702273381||
9082426405||
9078764769||
9486212038||
9854984786||
9639041475||
9285688749||
9295148175||
9105550671||
9511229556||
9818052678||
9608806627||
9813216986||
9515934853||
9811645815||
9461907254||
9614483400||
9631899001||
9510199315||
9816575622||
9620671610||
9630765266||
9639886207||
9813954239||
9708227322||
9810634827||
9127953110||
9512152498||
9122139577||
9502809709||
9398035499||
9511800094||
9298000750||
9306122993||
9304464289||
9299529657||
9704807549||
9705351695||
9852527261||
9631559546||
9501290001||
9073093108||
9687448158||
9632833702||
9094576847||
9853054153||
9702231792||
9120940002||
9631093224||
9815078265||
9384492512||
9706323873||
9812615305||
9129426930||
9855916487||
9195684796||
9603249800||
9630270516||
9317401857||
9106465653||
9319366401||
9707975909||
9500597283||
9286139925||
9125613207||
9817277069||
9238068822||
9502850162||
9700587309||
9214574303||
9814490623||
9283530055||
9203092295||
9700793386||
9856364068||
9704868934||
9707320398||
9309103436||
9505337581||
9985949004||
9104080867||
9515658821||
9502645602||
9519073177||
9704575584||
9639645003||
9512786549||
9634988086||
9630839440||
9393603266||
9692884165||
9460914485||
9608236801||
9469830964||
9392371318||
9515934853||
9480521990||
9635423983||
9983578606||
9633002342||
9639409876||
9201245270||
9107871076||
9816283008||
9284334155||
9285459996||
9090658833||
9602900920||
9512425689||
9853814594||
9507662013||
9602034810||
9608505963||
9515971745||
9488791971||
9472641947||
9093928686||
9709540242||
9081958460||
9125879592||
9093878883||
9513397692||
9511779086||
9324527163||
9108198124||
9633347316||
9859672641||
9510451198||
9488394471||
9696178421||
9503192511||
9398808780||
9197950281||
9092039785||
9631648229||
9500066234||
9505188527||
9852501686||
9812041753||
9508849938||
9814141835||
9292793236||
9465609504||
9193891704||
9610235889||
9317741053||
9127961842||
9692943842||
9616340394||
9283954035||
9859038202||
9855006785||
9481919938||
9201595329||
9694273405||
9854431018||
9701734601||
9099851356||
9817070455||
9199980470||
9104245203||
9515388730||
9197198835||
9604541042||
9634755847||
9815706041||
9705351695||
9996584439||
9812229528||
9466029290||
9852879654||
9811616002||
9499821994||
9309397509||
9388680361||
9812953213||
9108099293||
9853052956||
9815367486||
9634471092||
9398850215||
9500050230||
9506108646||
9692363583||
9077054159||
9989285266||
9853419630||
9197950757||
9074183490||
9299625747||
9194161031||
9691530430||
9465288536||
9851800706||
9513625841||
9510532466||
9304163733||
9398033727||
9633542552||
9213825151||
9488845263||
9308233363||
9635782001||
9072260473||
9302274621||
9852163917||
9695807780||
9460345068||
9707490973||
9384382247||
9988838764||
9816046734||
9631844556||
9225836315||
9103459557||
9636955391||
9810663764||
9086611925||
9124687994||
9304976885||
9392982496||
9850988074||
9324139144||
9310228105||
9817819825||
9308067160||
9294141772||
9683666218||
9092225321||
9393634608||
9638338372||
9500664235||
9100581613||
9338651959||
9305580245||
9690950408||
9426739249||
9426395861||
9072894476||
9103568638||
9465951501||
9196089344||
9092635227||
9851142246||
9286547118||
9085607677||
9295373440||
9634039382||
9512668256||
9816619984||
9129439377||
9499757198||
9812010989||
9700464156||
9517715429||
9687573627||
9707754385||
9518469940||
9310363643||
9397207467||
9196358528||
9633002342||
9998880866||
9810234136||
9193891704||
9107420254||
9850774345||
9124447942||
9705351695||
9101555944||
9682903887||
9813242227||
9618516852||
9199980470||
9222123564||
9300278542||
9981572347||
9097134719||
9600026852||
9691667755||
9709205239||
9097417921||
9502351755||
9294141772||
9319335588||
9503567059||
9095210506||
9103108659||
9383786675||
9096842216||
9495959765||
9854859273||
9702296615||
9703161453||
9100270601||
9817109512||
9493503569||
9120542921||
9613618503||
9515959234||
9514533001||
9859228193||
9854765337||
9632580922||
9107897011||
9129522332||
9691494636||
9812134472||
9307394498||
9812115345||
9519505944||
9707501864||
9208854886||
9485152313||
9504635657||
9500628447||
9475292414||
9303978842||
9850748911||
9197695069||
9817249471||
9691762473||
9474467694||
9468029588||
9319171296||
9286547118||
9318866394||
9094397567||
9709004391||
9694635133||
9511303610||
9810566815||
9105713918||
9637316884||
9308837036||
9510486713||
9702787816||
9080892890||
9812990338||
9422740510||
9486696300||
9813298869||
9692906351||
9283055270||
9487094412||
9101783101||
9483470906||
9099864884||
9199323969||
9486212038||
9305666418||
9512267094||
9709842522||
9095537178||
9602646041||
9630568790||
9604171205||
9811446929||
9700775451||
9637272784||
9637044942||
9815417142||
9816956056||
9484519374||
9850847706||
9105741367||
9392371318||
9109084547||
9105090475||
9207449060||
9634343579||
9207146137||
9286547118||
9515546969||
9999047370||
9981572341||
9329064156||
9194524456||
9514521491||
9632014801||
9309653945||
9815256014||
9812908962||
9631178124||
9081893987||
9398033727||
9493682851||
9483703887||
9381250433||
9516559491||
9812370047||
9494582522||
9608275785||
9090697081||
9811281627||
9471838558||
9511239097||
9606727566||
9285688749||
9464757003||
9127530375||
9460558822||
9682436581||
9128703861||
9297835345||
9702049290||
9388382562||
9603027234||
9467319523||
9513578000||
9203047814||
9473850801||
9319471178||
9616269825||
9813886383||
9203047814||
9307794601||
9109118041||
9082499200||
9701646496||
9810187251||
9693197208||
9700849885||
9519554073||
9812766580||
9393463451||
9500845061||
9603732354||
9604635946||
9814963967||
9486674941||
9855038106||
9705309674||
9222123564||
9706000630||
9631783594||
9513263737||
9196442800||
9682903887||
9816799628||
9193726533||
9487676399||
9700624945||
9098730832||
9695565558||
9285303511||
9506143927||
9474962106||
9616125568||
9632466760||
9630062229||
9687757147||
9108004577||
9478095438||
9509763244||
9813835408||
9504727685||
9109106760||
9703663645||
9859703843||
9695976063||
9207540939||
9608456908||
9387353775||
9291127452||
9091544306||
9988492295||
9465288536||
9604635941||
9604635660||
9810022463||
9309135082||
9195221823||
9463702817||
9708049885||
9851542131||
9983661920||
9700291198||
9197482840||
9815253449||
9307119605||
9693179141||
9317090222||
9708317278||
9635178099||
9608456908||
9856058039||
9306029851||
9989504918||
9122685151||
9515306314||
9705799296||
9482078567||
9510391646||
9486729156||
9853845124||
9475292414||
9124524125||
9071391787||
9283055270||
9515123011||
9810111608||
9234188860||
9098639121||
9384048979||
9633567652||
9616590424||
9814788279||
9814572997||
9207767561||
9073362032||
9207599501||
9394270571||
9602469970||
9108273404||
9993840622||
9385571941||
9519909516||
9481506404||
9684552646||
9692868753||
9505353241||
9501929257||
9691940830||
9487477830||
9187412262||
9500664235||
9511885469||
9104130470||
9203800609||
9817013478||
9703222308||
9293248823||
9855517528||
9082499200||
9286636524||
9213270520||
9073432183||
9075240070||
9813516773||
9120976675||
9296184203||
9704971200||
9631406511||
9853690268||
9603033522||
9635192460||
9853417767||
9816321342||
9198447539||
9192360159||
9128299101||
702193126||
9812226720||
9604186571||
9127331123||
9709376943||
9815543006||
9816946663||
9287192356||
9086355736||
9096540702||
9304285429||
9092463335||
9856016353||
9812699412||
9514409811||
9705165016||
9504708770||
9510005714||
9639193376||
9382004177||
9126309598||
9620601047||
9813828674||
9100461328||
9129937798||
9815935025||
9302309277||
9101686069||
9493519685||
9074009037||
9703339737||
9709982050||
9070422908||
9100919580||
9396586149||
9282995782||
9489051488||
9817706625||
9388629280||
9482254411||
9812166259||
9603403699||
9303921518||
9090786721||
9465142459||
9811910851||
9693455127||
9813831516||
9855947291||
9810340358||
9071757685||
9810598263||
9685509396||
9700321562||
9707146941||
9308602900||
9513607717||
9518904433||
9815096859||
9813974088||
9810267982||
9460471964||
9813958310||
9630568790||
9090669213||
9071038778||
9852441035||
9108454561||
9319542098||
9105100966||
9503339585||
9816527548||
9608130790||
9203622742||
9070546714||
9687775799||
9431321529||
9817723024||
9125879592||
9604703886||
9126031697||
9616269825||
9632666801||
9108794685||
9511154393||
9127392474||
9859384206||
9682347168||
9603022580||
9207076808||
9605636089||
9285867916||
9487738113||
9810046462||
9303188637||
9512068040||
9817311234||
9616043198||
9488094733||
9481400248||
9187666000||
9709132776||
9705905900||
9514305212||
9294877192||
9815925846||
9817511822||
9072534179||
9853867061||
9609230316||
9637677331||
9123365124||
9318734612||
9701655987||
9305280512||
9471441225||
9812927185||
9100461328||
9288675803||
9814383426||
9811779411||
9812550576||
9633270206||
9982252879||
9103077127||
9287950625||
9095617706||
9707989900||
9518490081||
9632642188||
9633011637||
9484089426||
9197448600||
9707603526||
9851652206||
9817800980||
9108903827||
9810396608||
9602841831||
9213051437||
9517968040||
9512833636||
9482078567||
9336199461||
9187534296||
9851727996||
9706921935||
9386680257||
9705669950||
9207124315||
9382559263||
9399630826||
9632014801||
9461120768||
9813086746||
9687171944||
9709230959||
9632313267||
9207004697||
9636113548||
9465400284||
9705241140||
9213342375||
9817706625||
9484276724||
9855743509||
9460914485||
9694444063||
9092758143||
9195043267||
9213205596||
9852164260||
9092227274||
9635167947||
9070729753||
9303189422||
9384234794||
9090609699||
9996784241||
9854974454||
9709429983||
9853099148||
9613196233||
9639619451||
9203307150||
9707403206||
9984872646||
9813973621||
9812888411||
9706463369||
9813086446||
9300595460||
9101886865||
9620587866||
9296411088||
9695753127||
9817737769||
9850826819||
9515684049||
9472988122||
9517446259||
9854570559||
9509413312||
9813869279||
9497047877||
9811694385||
9193664490||
9317866798||
9074207335||
9079763396||
9691420949||
9102746825||
9635523194||
9102620774||
9810022463||
9499251488||
9685804816||
9307300599||
9817692432||
9813061207||
9219162774||
9519607474||
9856318452||
9091429830||
9636463154||
9996592156||
9491203358||
9090341464||
9686514034||
9810065195||
9383899726||
9319263960||
9485534270||
9096091008||
9811535177||
9853644235||
9303471742||
9638473389||
9631300472||
9074102747||
9072246739||
9462356746||
9499299660||
9389202974||
9318543321||
9859408520||
9637889796||
9127990998||
9615073648||
9460743542||
9704695186||
9993090421||
9389401197||
9851140780||
9604380292||
9855810874||
9385925896||
9606052536||
9604373534||
9637099823||
9709004391||
9078812353||
9307794601||
9817809800||
9187412262||
9393681830||
9388016109||
9695258505||
9319941612||
9604325673||
9469002850||
9606255697||
9704662675||
9394945614||
9297133101||
9077352892||
9187890089||
9129551213||
9851703632||
9517158350||
9469625976||
9707957193||
9691667755||
9085423953||
9203867407||
9073085072||
9485626777||
9817167289||
9996664933||
9851424954||
9706401394||
9100984328||
9491652113||
9125714893||
9481400248||
9811939658||
9466890255||
9852334350||
9480371316||
9126645137||
9129832658||
9124937936||
9214411049||
9128590821||
9706140718||
9207767561||
9814245824||
9128636090||
9202539480||
9635798337||
9709528001||
9105447745||
9811487407||
9309872583||
9638140652||
9124299765||
9107913853||
9293686214||
9073838854||
9208227169||
9813891469||
9070092828||
9482768766||
9706394294||
9304020861||
9616597519||
9203925752||
9477879525||
9850838099||
9182583277||
9469648329||
9208879255||
9810426880||
9639231764||
9813810137||
9489428283||
9634098234||
9474681933||
9482223380||
9487231867||
9813935375||
9388046301||
9620754643||
9692868753||
9461011018||
9811969183||
9077352892||
9685714504||
9999831766||
9984872887||
9295734649||
9097387396||
9383760910||
9855883381||
9515750722||
9690630052||
9398896053||
9611273577||
9312043931||
9684287886||
9107611553||
9476894073||
9702090704||
9705669950||
9296184203||
9387297546||
9504019476||
9815306213||
9693797971||
9317464043||
