972853582
356875004
395663288
337776244
353480076
358416109
702724658
854157020
899358940
869651521
354065218
348688193
979137634
845014089
983238902
326120233
374495062
362357510
763344717
798087693
912466105
865064603
816994979
376466791
334965230
377230446
384858212
854213313
852407992
366667379
967009701
969586212
353471634
836080312
329636007
366781307
345136340
981395847
777493799
355477435
813669107
339920215
364971267
869689234
362119904
387158017
938781393
705514225
353255015
389072941
981935908
815532292
967040338
918617822
342390111
783719388
327208385
335069398
981548939
362149220
944563498
379108444
842115613
933097613
348580040
904636484
983385692
369558624
393528221
935229239
913519224
337301053
704998631
981591827
948315221
862691390
971739022
937421680
938368486
836834390
975804651
962461774
337540860
906449880
913972588
987365703
904284575
365669096
867963157
902663674
919078899
974124892
817618970
342092137
396575512
943199977
989281513
905212163
969671445
986856501
869168863
368349891
348426696
988914842
969844945
942454061
937199675
363470574
985290300
374848517
889107150
973705518
369628878
942021014
332533698
945640679
878306092
374836845
343310056
886115149
708479837
793046888
368066899
939899530
386953954
344431177
977180453
915549933
961864707
965084120
907762146
343950789
356313456
787389422
775214347
386840227
986087167
878700087
908249659
332988445
363664658
988321880
387994532
906848905
352822250
988619200
966096671
983949336
349896075
984621910
378459346
943920814
377024436
396598561
328266927
329330566
886431045
916667197
326898011
376494351
911780907
764140871
902032262
933608586
373800200
984962927
942828172
705927827
934245114
373459548
969817055
902307931
357776926
978096855
914988857
912489960
375477146
886833366
985182376
985845510
976989901
329695134
977210819
964578625
913498811
981763069
362749895
865834447
339138897
943145037
344222030
972265526
359513917
941188829
364696508
772711360
345721578
838300979
971912083
949336969
386962008
393162948
348457867
977936049
966388322
334081603
343105907
399344350
522657968
379560211
328624886
362877438
919202882
837370935
889264902
814227610
936058446
967950120
353292613
868050438
345192356
981725883
917622483
365358699
347108138
982841095
858692448
985649768
396599325
967735762
975235442
372848944
366652133
392963036
326070636
387747313
352755677
779511046
325948919
989801675
978574557
705442722
384945715
981656153
949490614
963863309
931208734
986316515
388116106
986061276
963282710
368960415
937356851
907409115
389623335
973888627
342714849
393999842
923255891
919981222
919445504
849040598
337982418
703423629
975093599
983928319
966357266
976600771
916836734
708797246
399804827
905605018
333283274
977990895
334400556
976027773
981321941
782876506
977342280
767086630
362747417
886863202
908678848
972169345
878599303
382390786
968920729
365404645
335335199
988503566
877399470
867064290
977542923
366729756
961231841
971433912
334833917
334287309
372776278
916988512
326175901
336806845
965045406
937638966
383111394
772257983
983517315
889273349
385039701
385686321
837631200
359102970
336078206
385365887
332899136
563109334
946602366
916617413
372523191
395524393
909265914
815464606
896527830
339994291
865651421
853604889
353712791
378042825
344057036
937785811
976569283
369795272
378323020
376365454
935368452
975435459
396080424
966577523
387421412
938911659
984959334
932466309
982689205
948116390
849511955
938485734
983326917
378005953
864351216
325977776
375937995
968109199
392699263
961917360
984957280
799042896
972195579
903752146
363221809
913161479
834707752
942845287
794967663
935126793
939932350
396571712
784060464
932420473
384287266
942160995
966784167
326077040
813599450
328646017
357258193
359448027
386773849
939672733
908109089
962987885
823949080
904334743
967039656
976331578
907008855
935821366
387238641
903305022
899835888
979402122
359901977
343041389
353534894
337371997
348894752
394499792
702857567
987357880
385893643
969089570
327164026
793190275
977013895
896498713
852342358
703604425
352968719
914607274
799152152
932275277
971628496
941542100
963526670
935463628
564380766
946699050
362734792
362870010
963362274
343435828
352582767
328206212
978829401
989111579
965890692
914906701
846181918
364535938
787009075
832358866
342572380
865963531
783505848
775492919
886344041
862415031
396181046
364101876
934164652
399442346
973040763
982081471
396314026
869006288
326537631
388426091
853445420
869951239
943407539
946358912
784200302
362097990
982379766
335642483
869515597
965364488
379392032
919276245
795511192
706965840
392268555
396120440
987839225
343380284
888603978
343310166
905433444
903100293
963717303
369142224
982380947
349216792
963706581
353105062
904555988
365693430
387484342
939005576
777936975
337339820
385131770
826404379
327601348
332506703
393092318
374917301
984254924
964705444
973815440
973450830
961076473
354935122
383155044
369359200
969497203
822995902
916326836
974629110
363952845
972843208
356639163
904538345
908680862
971802363
782460291
975546565
362156878
792363006
988325402
987720059
349974946
965978498
919421524
398956616
962349324
844121960
788072072
886480908
905444406
393968774
982268373
398480017
392537334
357261625
985856331
372418664
867500944
966404984
372526661
963229843
973935416
971461351
779871741
975648986
765583763
915548971
944040336
359555744
329254451
983316157
393527334
363680841
384164248
348180436
764098746
919934393
971578591
339441501
398302614
933588476
906868242
915358068
908639112
357942258
353866944
941171152
976046892
762738753
333183049
858451993
974243238
352928946
963304275
974916196
332517024
868968374
933993835
919999221
907275033
704941719
967875529
943580860
388380322
965619291
943805759
966131918
778680011
969719682
357491586
978593089
918948567
901643690
856570025
916033553
378161544
948857360
347894332
394962092
334658502
937275400
375382025
375035048
905644441
367598166
904634112
358888655
337271817
835183952
332957003
973691590
889175399
902625698
362903321
374601542
963939710
978062431
355217600
362692402
917159320
399574753
366186204
985000890
336571884
903582635
976034765
343947934
399663619
888682239
985913452
367395197
942911159
917772687
917641246
817572583
383973768
363296371
379437619
338753815
982272887
367146189
375632978
355280306
355400034
911135549
363173799
382467003
934526826
962108127
344953889
969186529
907520805
977355231
866837709
356763873
962820436
913667049
978923208
814891263
969971993
832435643
368548151
889128066
862922181
379916308
965301306
389872754
703153094
393333780
972109055
708024600
813879120
868786301
384994604
353371137
362723563
986257847
362022613
912458975
355163331
355178088
364557142
939191610
987951697
879524220
356612557
896524811
347461092
866151369
921404971
974877526
911100348
397292872
962252618
984549053
366100077
705588765
906557167
365043569
969317770
949609102
869021894
702252685
363925304
971488466
355292054
777575114
969010496
862813218
889091978
395429021
397676007
344138633
985279323
822979034
938798745
868326947
339665646
798440345
379120759
939012378
812357341
818572453
352906512
794266644
373659226
909333635
907059696
965010735
972198094
862405992
865180444
327171453
334602339
855619997
764548190
865860116
706676841
348112683
357564572
964369972
974644129
372522311
773193641
706960017
937256451
834543674
982358512
966499157
976301290
362713062
792592131
968663272
347245301
867695043
563417911
962626291
946685259
848114115
768856547
393877931
366406444
989882391
833798990
372195436
352172798
982672885
325905561
335453388
949977077
981845485
914319708
386852771
393782048
907521901
334810708
776682290
989747779
905956733
385619277
963628053
936655655
947249371
947405481
902615981
328434674
906514715
706101600
349931764
963918576
329967181
349052642
941324118
363915673
979677398
845819912
963647475
327016736
339216783
813401354
783771041
359295392
869172764
708733999
983566789
967711293
845900448
379360080
933170161
357105642
774800153
565988370
778928773
783406880
365234549
707401897
965842695
913083280
815822481
907476140
357473225
939951432
867099135
977842772
985543906
367554301
963680859
762959682
961475478
373917456
773346666
868705837
372549701
339769899
362629245
362306542
899253398
336388388
878016862
355464916
947229648
988989735
947841387
785547358
905001668
375043671
945522334
905247936
563426318
384311845
909404357
978054765
989168192
349219811
373672473
386885657
854098456
354910413
385974437
582659683
363252191
943452191
962381041
967884882
795100926
352799735
904228485
365434135
373433328
368620017
904457530
824242128
383971648
356782999
373698753
397055508
961035202
856219313
816839454
907752067
347559971
387370382
913544402
967881881
917609687
373465083
981125799
364397913
867864222
375548305
969651344
898084548
917930563
792282830
355064235
395190010
989571242
353771506
915115454
362201645
965653986
981565561
358539001
945675527
777191239
814220961
342339957
937216011
939938171
886871490
948712071
933878699
939305274
778782170
326680003
976433684
325425449
902852330
913850262
346304870
346165804
838102368
336565897
973803717
819788236
383831556
967215818
357602609
363274337
989611574
376159235
975245471
865382489
359528699
334542990
967000933
852011009
374589961
912642333
825716559
393769054
936545594
983808282
355771339
359894762
383922183
702903442
342328905
986853621
354311200
908382419
379202614
329741546
375837720
868877204
383748021
974022759
819425769
869133069
378537260
374906004
394846225
775099052
352508498
354067103
849509656
988652043
355363639
768896105
347221347
769454676
788811710
867052259
368280415
374453474
877134020
987944291
393028156
352310350
949615757
375045650
848857788
384266191
911310021
783219941
328205935
969343995
706834844
963419006
795798464
373290800
706646932
782766817
919742692
787878697
396811412
905143216
395736852
908232209
395172255
964095285
368475705
963607907
327314138
947076271
328666572
328521425
786765937
376030663
352491073
399099295
931470243
337129283
333891253
912812829
336835028
984834672
938672801
845273678
364732793
941471876
368197572
333301363
374800343
383467235
961993858
972375607
936710922
369495181
982228895
783954039
974134723
763158982
366916820
337125965
799508575
979310050
988058302
383515732
366283250
988512343
899878900
702630651
986289002
338777328
333790410
367080234
363307871
961441848
902680265
886764159
359680936
775582110
374280932
356672840
394373693
966498374
357276779
388787455
862525793
365382116
985651085
938506015
396973735
792711725
945722489
867985928
943502923
357211511
868639374
366914795
943161226
399587091
376474958
842536558
939071413
905213714
849838982
962306590
356641754
896494779
937135194
337181741
373935216
372684258
702500320
934097171
908950435
563048420
352373312
974073211
772511645
988400427
915261778
943407575
931196968
905216242
907891269
356568552
965787623
977768244
878909748
855151203
397626861
796556414
898461138
886655110
399593135
878027416
926908731
842681753
963815014
975687251
886770373
779539580
827088311
706528491
398844210
776808965
349772284
867891110
352952918
383633778
377803204
977459381
862350754
913652077
385113043
985641992
387678760
368325524
944865545
987515461
706936416
397275991
969772315
327036646
934054049
916651637
833371778
339441361
329874414
339935226
342079302
846310262
329404918
369213184
705548390
387532246
988874459
963316763
703206186
336517336
355631432
819024549
983238187
376255334
767843921
793302233
776536424
795970152
326595996
986659274
328779895
829490558
969468671
948355380
829588199
368786315
942658290
386278127
336499359
366020021
347312094
834272327
973779646
979783761
364277435
984112797
977958903
906892014
984374178
375668783
886226005
944490059
936411442
988479188
977490821
975385179
865943931
706056699
383654760
977991487
976217290
779273040
866076229
768497609
787713266
967232125
976804293
563179803
384326968
947860645
916468281
845671913
966856926
373510931
986551563
964305580
342985174
965307111
337458243
346564673
941511060
363754429
978704312
354210611
397277779
878762492
355967880
377443200
974314975
397970031
344014490
934691363
905008576
332148657
386205106
934397002
392532195
355322132
911182235
961338030
905795214
829635723
334803195
942620777
948946550
355956294
798830551
777779515
399566312
968496557
378188345
949585564
357826034
362548003
389868675
978767857
931926458
867678154
328475984
335551872
966829274
985063982
333179949
966808842
946589743
889154293
382004746
767907539
838650847
967068208
395314109
962135408
964814506
963045560
963287044
833050767
945526177
977047162
334117829
865910049
355676191
396969895
985411749
963407087
325509097
396851727
336091298
336910154
363362335
328411454
934844561
865031335
386701457
906858883
352675960
356684275
359459581
399357767
785898828
788820411
969699972
986653632
984487307
334819208
792683787
827805272
859468988
947747408
325670767
356699884
989999897
335630750
978423420
961882693
814132973
388512010
382899653
775801840
869768580
826801499
965033491
973107166
969290970
989273814
946564399
383102579
946026040
961185024
396341104
379480600
357287000
378299452
975603803
904234008
939752758
975788328
932826413
373474815
385552424
933385391
981216526
898096534
379847295
332803776
879289614
974388937
971717579
367680775
977577041
909832134
989274940
981334693
974662343
848992779
394509221
837931537
325702476
978251107
392695001
915454276
976901709
912239371
393284079
362125607
974050352
358074770
399804088
336190347
708089549
941738106
359885156
358571454
975038229
936235355
898481809
914523652
327822040
339257021
374506492
938529683
329420740
826162579
356990215
912799722
327726658
966854263
394394120
818821652
772509643
792342148
966203281
829935942
946138854
347330223
326165425
816647658
393981035
346128932
984095389
968937626
343673477
398193388
911532868
868191986
867495747
362872841
969627800
365173985
364004885
938140316
348335060
967000434
868660180
948476399
364037507
838759349
984242726
357168657
822515401
334530609
988644638
988333654
905888012
936026396
903547324
354130742
909916482
706873868
386698639
337885694
367895684
366022177
976679303
942017167
335257986
329634175
961475543
965405342
329185736
975828086
963691411
373573057
943503896
384432038
912090766
813439365
987523720
936761215
908167152
327755872
386867980
378952874
817652462
385068032
968876757
889180273
372598102
383077819
775482892
353544012
919636036
984425023
826346991
985029572
385798872
931877967
837249990
969002087
978896180
385776211
567891086
862941916
934769368
834121357
868253600
789561880
357061079
777900601
359161328
915648456
379096967
986356507
813505681
325298202
384881956
346494902
378642098
853337433
762902161
902108225
902445434
364530317
988055942
399812438
332738194
944925146
943147349
939176934
971596883
769999969
972315857
706517230
392851951
916958242
326696991
348844722
933450804
336600032
915494793
332702371
946881994
354381230
334514371
849608668
858910017
339781513
966198102
345949042
792392789
867137650
905173295
329790820
382019782
975940605
348248520
971959082
911790901
362235276
903839739
865795327
333088709
336421696
386395735
382779203
383930685
829789200
986202055
343014872
787563879
963298862
989997720
329927891
789084306
333047540
326421476
369076276
765982161
975802099
389505378
987891468
965753978
966724730
813717935
796329971
947053449
394077358
986109708
978646131
901481578
829386813
977969644
339780885
359316672
812448466
348360502
915093966
367050649
382192534
939194036
366144796
913461935
399289228
705495033
905585215
392408644
333009812
961109339
975292664
888451590
901018203
372579262
917923008
902024968
832341361
393874231
989669563
387881704
378828194
902206846
938202100
819570796
775570915
347721885
344337109
918207095
978650847
938585735
898543865
819684541
346058951
866903354
898463320
988245254
913860326
869641309
354148968
357051105
787685757
708609925
325169306
889090690
905419735
352197998
792403749
354212542
916063857
865231774
908013448
379563192
939952423
384924303
947717353
986428439
964500193
347313314
977121381
796129355
886587619
563225571
355407263
919228325
388583500
875028584
933174588
896008032
837558887
376858123
339445459
865143425
904222215
328340365
862957101
355751236
346624211
336815118
353745179
397603169
387119962
919253583
366892328
978176821
376008601
372665804
907719638
339602013
353890696
976500524
940514536
868846837
366126851
383726556
798175102
972114914
964320674
385838945
334609376
966933983
817508809
375145207
388453395
768876775
385255635
363059083
383021601
394560188
374529828
332177753
395622473
856515913
347204401
973426077
846479697
326444254
353805375
766867545
366093610
348638732
338469816
963024963
933549248
364858487
353876968
363036051
359352122
778563521
333994231
393603356
337447012
914093597
376373572
819677797
343559420
943094299
931700568
985869194
904051686
965523623
948394332
972290055
344487100
393638911
974168321
939662580
978096633
961852583
823296908
385253023
982970337
987320326
388603429
389653532
869383117
866097273
939019042
898902889
366220795
961371230
888561171
869624177
877792054
855176419
915578528
982292699
916706101
327856672
398834600
339444969
866512067
387980547
398078410
963221793
388380500
376156931
344141284
763132567
941349168
935070567
829575118
975259421
356366360
398907513
779608178
948329572
813293191
379351322
376799415
919352479
336644895
968799305
376871572
817991122
979573657
356614138
367332078
978665651
339398982
333089359
984888764
962527688
329712478
942790743
328899384
848333133
368015635
334370225
772386565
355880181
399051274
385333089
914329833
348862835
334004129
774040976
327280225
353078064
398250711
917167119
865051088
769286693
817373202
934378836
365106326
962324890
392172376
934018048
948039993
379141943
869151952
349034625
976886067
376414474
364241011
937891435
868321053
856606544
383483793
914910154
934633688
975021195
978165943
325870091
386177126
909702944
975587164
389038309
941163505
989071842
949586583
585756814
338838318
942323938
945330377
364834769
795657381
386293544
983294758
799399937
396802543
825687978
916435520
961512554
393258668
376098610
356135211
975243289
704434343
394939574
396444948
394876140
387470024
917059770
382720492
819393448
944356511
854347779
938526559
376680608
326744174
343891731
832526206
918229514
396666666
918677127
364442149
369533683
913832168
365818089
842641160
865440961
909408433
866654937
973968219
965189885
917340742
794216917
973256492
934975608
906861566
376666326
934260039
973612974
853911777
785050560
916438815
932151799
326590971
832033872
326551255
366499876
362178683
981781851
914922646
399818226
338028999
337986481
345059270
828098451
358380959
908434577
967860834
769148244
962644861
867160232
931355852
398116582
369835926
961475262
967158888
779514237
984600691
904046804
913610945
349832625
862773097
382282558
908815714
859327366
794479772
916175233
939573558
354176619
336786151
966779326
776988429
986238669
866106493
374722886
983744083
823703900
763146525
326635732
787966737
899811725
907828027
903560936
868208135
389160210
837007750
379048541
987231684
965201629
939781039
385430998
376762453
396531825
358726759
332735510
348716134
968658770
945959364
988215089
373983196
786567005
984471378
965305900
917303344
356436499
778507354
937925778
987777484
385759535
776664401
362068618
971675737
987808645
932591029
569315450
388694065
941413072
967833956
904103353
385291783
967635262
967410908
336352744
973695500
332349076
364333041
383682447
349192135
366500102
334086930
381421473
329093028
862283961
385015140
706365014
972055033
354499094
378110368
346512034
353732396
816077777
352863500
862357349
856209116
971521539
969196731
982646193
962790616
337889406
937615170
386234386
356881892
931672215
987416289
967169304
335419484
828700888
973797588
359017256
397007741
967105835
862496676
337300717
982270936
343042542
896573600
919010038
357561706
563087683
975731746
352070566
368236970
972182138
703856217
865311937
971258876
986694406
782733339
378233723
973682254
387853773
366865306
964597923
906672980
862439334
365943094
862705452
987689178
352004052
383996717
888838388
865269010
906065440
372066946
327187278
396400598
915534266
975087356
986800167
967955003
364898806
939828786
985845609
704809558
798841180
905700967
814890471
945020538
968154722
392919190
356745754
393021773
707049956
852222512
962579201
342052010
357772739
988869020
918122270
348522134
334852173
845551486
973132153
816275677
898082297
868247172
986094176
915214064
332013923
919771682
963536021
938436208
385897532
785960700
369193048
767984676
336954285
345024909
777659088
834011955
828024674
346086114
947427099
378438630
898173020
334166465
362965348
919663500
913862277
979996998
964418094
966737281
942974629
354579773
382154349
398707211
866138885
702419385
963617304
398750080
396544617
971697070
967774112
904795856
981089754
327119750
865950745
787931160
966561635
908037657
917785059
395053804
376436411
931276449
706515373
824415765
352969047
979682731
913674405
963155423
395703715
356328484
854200378
339232317
336697804
905175080
906886008
942869522
935762553
357725949
919770298
362627189
972020131
346246822
917267895
927843891
963677027
706237465
399002641
981173881
963322283
385942917
327745259
798643437
388122842
981817170
988769833
916877830
382466564
828123396
968197888
393044691
988837981
336017888
338392645
905047256
987963442
934502571
395812967
355580595
833977344
912499624
358764632
355100229
769609761
352973672
978295560
368819629
359890847
399762557
386022195
907077534
978411942
354200591
345646895
357820400
364912652
985781421
325526461
337014914
858964252
862696553
978887751
984807783
359424394
368225334
358379677
842854556
358842108
342186573
812429892
767513978
792120071
365752118
948991567
968158510
932518472
788556730
941374434
943546067
915847296
796579073
901027737
784010412
974394837
972322878
907365525
916983999
972965894
978987865
389104685
816770842
915226560
853933668
903576028
967961064
705034285
971442934
355490176
814266308
916674597
819521074
943300824
965369142
776441164
979920109
966066520
763222709
329293908
977069327
985216957
961618814
795953842
346733959
879517688
348207608
812760061
966190262
869939006
397126709
378150349
906003639
815074797
976208361
359613848
963747839
334187208
394433391
977689090
924704708
825621847
983214850
787824371
972468566
766641514
981974776
327643408
818115450
988459049
975228799
339352874
989262682
979567363
393861156
395544990
378303095
949627696
333940708
905171561
799691179
766962165
838227576
395992792
338769313
399333490
939238034
975824845
932387421
399009766
379153880
868196656
937469245
782836578
389066621
358505946
704951436
338918562
913547909
388079043
358410804
368240684
396560246
916222437
829220877
932647500
908627282
375342616
376617933
377067635
812082345
987120345
967728575
847555177
862068986
813806069
363859817
342546593
332852383
946871215
369849240
968366787
942965454
398877944
935748779
971903801
941721377
363802570
907036098
917754950
838840390
868709130
902594876
938320560
963777788
838729929
862490422
366620344
336267516
334505151
961662987
354125047
798518529
877371796
329860360
972758151
989800899
911276451
396921627
984261696
364534810
364156365
869817291
396896057
379803267
989457866
792396572
977300887
988985659
773236863
343815889
814926671
913879469
387437640
355231437
393163466
333506905
987574035
374637353
393262869
916475028
902910587
352972787
395883371
337659938
946163727
865347358
942115797
937674703
975161439
966566723
972715690
852085850
915988659
789552893
949616974
326005456
364115047
348667612
819478742
326157794
979055492
962051739
787529023
366182843
989806662
925825143
382362883
793262706
867476251
966922496
789165134
388298105
832661402
904563146
989297118
961455376
359032047
971673642
848827456
353786846
362887049
855534199
939088754
355719869
987523795
963933893
369494295
387107580
855239838
888529238
966562295
383179238
862588621
342743048
382530392
849277246
981131208
373152616
783812049
914173350
353753338
377301741
378681085
373975021
823712367
384649087
394617644
931415691
961288499
365430233
835845949
363381697
987181847
908133623
973819765
835817044
349684771
377571846
932613764
877128516
966141147
916315404
855477775
393692792
329540869
788518940
905466409
902596241
909228639
862209007
970853167
963051379
977964259
769295029
909214839
979908070
965591391
353004015
962911083
907568843
702553166
972854171
373240257
912889344
944740526
962704823
812300543
348819770
798835310
912663570
333224971
986249054
348316770
906574977
397648226
379127119
329197001
928641055
969210699
847008189
961652654
354629674
901495079
972932968
855014873
348165922
564683550
389740398
398191403
367973407
362038586
962353754
339040348
878478619
889423249
981407153
343299556
942521163
394202005
969384245
367590240
792701422
773642705
368960197
943717386
365066394
961818146
347924457
987763301
787577442
967658868
378878872
352744097
933215757
344412921
345366085
376794478
981995439
937341030
329955789
857696450
988461502
769244098
944429553
853348285
913543159
347457442
987849788
392809932
843343335
768198760
376495229
388934996
386399102
325438320
396821890
773307370
783832845
386817620
345768381
357566093
982786709
902058715
935194131
783997612
334962170
948182843
942772764
355345371
394225944
978258401
396934484
933359068
943767470
378994950
934560118
352572270
764467760
703958143
961120696
985410683
905196737
974332653
357851424
984952382
352394808
355096672
388361536
383292541
794334115
385865470
905276117
919825354
375309906
813484000
328225238
936592877
901922289
372333868
328073929
339825806
327726884
877880305
905217114
327188239
934402518
372428119
393627164
961683630
372823899
332706247
984090953
924057400
975527074
782935832
829856933
938540328
985321818
904165579
903341973
866099387
399585511
853931124
989722349
942782786
918982581
949058566
359933615
972492571
905414330
338052286
829563379
776972174
368915402
777316146
387275715
793676844
946559971
916642041
908552158
819395077
774095219
918910525
924472613
325770998
347753533
974306081
946838264
794542578
326388247
888373805
972476637
978914529
819332191
918178561
839999594
356185026
966256688
565890065
328695710
965300342
908991402
901474262
965805094
773517810
706982738
975152967
367485872
374290380
912605749
332369358
983502229
358061252
964634334
978702207
392075355
972704738
989957385
376503079
987430126
364397405
971948961
905054899
974723780
388691828
365214315
762653957
946692442
398850675
977722109
369802181
989761993
389600051
796058834
346239537
377621059
344544812
818338444
936463863
986939666
961915261
382038358
395028903
332531707
399295297
963240426
963194169
987222527
842114146
948844444
343526026
706845742
937305478
378338025
978597187
914775525
968416555
942441244
774719534
843461472
707642788
702818421
981580600
378954407
945235037
908319832
342343857
397375450
338430042
969129600
904929396
947087739
917030070
368207988
973668715
983836990
355335536
986127033
378566774
945813368
964501129
392192952
983838383
369422580
387172667
862084580
866556871
865962205
393212490
788763209
974793279
988870984
911309361
379157147
706660177
939544634
937224207
366845012
963892635
888011383
918616971
373280112
772754611
357747272
834525852
767788443
337247992
898421462
587928888
365148826
966696680
908819973
329282108
788824231
909985919
812199277
961486282
348625061
332511612
945366477
936172457
973640612
382662911
376466137
862014659
359132691
398476182
356122096
356975597
985620362
982363426
335207438
327450141
374051932
965234441
337264621
397122173
963809207
762368001
328243082
339924825
978802779
941655820
829152256
961670438
389942769
862925911
906709617
354015520
988084614
367566995
935781993
912424314
905164651
968559716
973472022
327304098
377418707
357532126
983503314
963360955
964613887
966393994
368836745
865631156
369079105
377053578
906242871
329113050
325557396
965013954
936583359
363387683
374775192
866414319
866434162
942211476
934800642
985446318
933545568
988115625
338285851
862184462
941451238
972120300
908784136
915147946
961513877
393536969
974835928
337245395
325458597
935357864
385893857
975740667
983424374
847151929
706512607
373601115
935359989
336720709
373076734
989183033
372330370
938007955
399658404
397751483
971227345
785279817
795744643
365684920
855864613
336117288
383541543
398915558
987510153
976805753
839267474
334106398
919325210
986472742
352689056
983582930
984691224
965274478
973563539
332328442
327538121
902853100
945432192
875438119
964796852
815541506
963630350
375962131
909354146
977073721
942752553
375999182
329898895
365183110
795789252
976215069
932167417
766409928
967418254
859109409
916955214
764198038
912183033
704813044
787287845
352149278
376213059
934874145
779546423
339399053
395193807
905591219
387735601
333011798
376749604
779431234
975487289
798068373
855142015
978357900
982184257
968801134
376918050
943716613
368140420
338267229
329175983
327583279
332146856
815413268
352505126
907327391
918834639
342887839
346347322
981166470
981174835
345601559
346319851
829023567
961370436
374303280
967086923
348680316
975417603
797986235
946885293
985537865
362047215
354222187
817932806
327422393
963293268
938086741
985262187
976393082
349057989
765767402
869821888
941467800
784679797
335735249
376523701
947424602
779955787
342571051
868944987
386735549
346449711
339390853
931067328
344072344
563744357
828068966
333730906
965110268
968258168
908637628
971043099
937663615
364097110
327662748
338850876
817700909
366093644
369317883
907524852
967109032
388039240
364139943
357205611
868477120
333666398
705683753
385136798
383709122
388252703
849244404
367526830
338681811
367342405
386613606
909536424
979044293
707082000
705283045
569058529
969261871
898396261
326759648
779319778
934577095
867520273
358432742
942908772
344827807
908318390
847756171
941915230
938382241
377921282
839011159
988512400
943824774
968483375
338913503
899318188
912299611
357942463
337756791
362621209
707700767
344479846
961212105
392921123
705446650
359936210
335011498
909533579
961031071
388653514
973485418
326475017
981179023
886001921
934105520
378458277
392583904
338781302
356283611
344354069
337108863
355478271
338196444
986547691
398034010
977451713
799965678
373817564
387283526
358975538
372189233
969062896
981453390
988548184
346541372
879975557
967212613
919481050
947191126
828387338
799081821
817559010
867506602
984234954
847360094
975655898
902933192
344084743
353200733
782508241
704806810
977422769
332470341
869920376
869990801
939670123
349046935
369522065
562729744
563736998
916604235
364330786
983404062
899682765
363088018
814933558
334320821
336869384
942893425
347749307
345749651
362905640
967132663
946937988
948913233
326081050
784909523
822558960
969372769
975909593
989146443
392743969
948275099
369425787
865688522
762703028
983993716
976789635
818551751
905508106
396422881
707557402
933560284
837963384
335241355
766570941
389666720
983019773
837290988
968685865
917517136
984178239
985362101
962422757
387709344
348886651
776258243
985992619
822054300
705712333
983468900
377143783
914927844
385709735
384216075
389868463
982517814
896863682
985231546
366558896
948338997
934051882
348453378
347229418
794666687
393320003
913160446
916175699
972580374
387615965
788725586
338887869
328363494
819159139
915848720
386833023
362217126
988301965
907114758
963513301
976895601
707973489
707147720
914532618
917204651
707969872
944421647
963495403
853150144
347650178
707175006
373384811
387848895
947447186
365156787
832092356
906186964
764137042
902654405
379531098
901985432
947028591
369984687
375048948
357766404
935657511
904580097
975231785
332323559
961196550
886117313
969235972
974394301
356707832
349933983
983962222
944050162
914144230
968530519
913976664
372744384
982766056
865249762
379588890
325381933
365788790
974464937
345065316
332666089
865415260
946086394
354719280
363153541
355076115
978790655
968425907
948883596
373376862
826614691
949082082
376559882
349131450
833339498
339311250
794587511
868372106
961766506
948370407
989901651
826626736
965351789
968897747
398663259
386898537
333040699
944068439
324354124
348692164
345043718
356834297
964910074
339328066
355760908
375833815
368672870
901931491
979644760
899967109
909086970
378685258
336554679
948998814
899791622
908165711
906261212
394870123
395921751
387292997
352070850
338825406
393021309
865511060
326442889
397897170
907125208
963949789
886998453
336257595
846503828
385475295
887378803
862602779
377314314
345234030
913732307
965198975
386606576
972409268
941425214
359730364
939893824
368640960
969366011
386030018
852811545
355944729
981112920
949395925
985547465
966402413
919630231
397559664
915338973
916267580
933313903
974596808
395961436
906792019
589207300
936770223
918999024
379507122
934689903
948676945
766346530
566271215
566271136
825707123
338225909
363855796
385217162
396796437
706001057
375722728
908811136
345069852
777829528
337672469
901540116
355233548
909177522
909213888
862541613
375553671
357034732
865505221
373266994
982428865
364017419
855435148
968575744
376666155
965514029
329974238
343175625
367533114
375630392
908442624
338305316
329620811
366318241
829614599
382760261
944125469
905670240
368269248
933515634
836218511
868865550
972134997
912177898
933975079
365189543
981117570
354090671
344340766
768560274
362407028
379463162
865184654
356607545
356040144
901011487
938337433
333123860
907245611
834557954
374839317
907764808
969034559
766337765
886508083
908618522
333692973
773399407
334740846
367366554
943758285
914308377
865150244
363253430
329369075
984628619
397972097
966597775
936246831
353290726
397533738
369708088
708465577
772704599
859481405
983091710
854329212
974561805
373515807
842777871
973613212
824721390
782727214
855809359
354316306
386934035
974542642
814877239
945808282
984574770
375036225
867684254
784424133
933185337
365206011
969176982
382097785
765215710
939515067
327219231
388852094
703315973
869974689
348117951
945930020
363832556
832434230
911759258
833170990
981936886
945162412
398863460
899997473
932571874
816229581
386773593
387951845
974320345
399379841
775156789
378056717
835307050
376407638
386142870
708591288
981022046
916919295
398115662
335265315
906636579
947588766
389918107
358197330
912168737
963238626
939915547
937322487
988009930
396165794
839598333
962159967
939592846
396864644
971671593
329769500
373664843
346956211
773315753
906198616
866683900
362657782
373053484
786992253
983279687
913634641
326531458
962097731
934986971
931964416
982279127
328124334
786689338
797563323
972964503
981645162
367171451
565231775
972345014
342714761
385467513
339735850
335214700
328841143
367183087
886298855
348816879
384496136
877377187
866066362
339331903
978173291
358194891
349474173
982841381
964085849
328885163
908580177
365698498
376622797
812308033
377726916
933804160
976336610
344155675
354076877
978138150
971695792
976142604
989959962
363702962
338162352
905363846
392115354
358739293
908902887
848357012
906014251
339198771
784625495
397915689
563413437
346186229
352925875
906669299
367380970
917234958
398519180
962930901
332041464
918892454
705568009
397571704
933615162
902564390
703201106
989107375
383110402
392981387
383010799
366977236
394141427
385802181
392919708
904321464
964719642
398914427
865671842
965392406
903148171
975945553
941934344
374859800
869392729
862223629
777678009
976357850
915512662
348583424
773096631
393832099
976734686
936561083
345050261
979088050
359288561
336686421
834767575
367335588
384476923
763712793
325869141
965291812
983109401
981796001
868873501
358350052
982611381
345524490
356838120
862242252
399343910
345632495
353924838
365440436
763915879
369718424
352870003
385194627
332504520
862265148
788007879
359599975
373038295
399878661
344836436
941137417
365719215
365234051
706256236
346864363
973786298
909469741
355251708
899298882
379441914
398663286
377032099
383843096
392997512
339937776
905925272
788917765
379690038
943936985
931786054
973663560
868885389
327745162
395116893
977293492
976201260
332342911
325877687
919316812
383560766
334707262
395446804
976088405
367629615
973323588
986669327
365670131
348027583
868680634
978772789
774758493
911833168
343958347
373190515
764465770
388592712
837680788
339475679
376260809
968561680
364517981
375958609
375826960
354726165
889656168
356208774
344326767
902125183
838532788
918861347
981554236
818279443
332357869
972345682
902878131
376299967
387293902
942225425
377790562
911458656
379116545
392169047
358184313
975045424
822770538
934756881
986051869
966694673
987769990
987666325
708181583
973031310
974444036
974602508
839655954
974670699
865440692
363348301
898826773
365345765
935861685
394836650
935617805
904209338
869778235
363032388
983128750
366946748
942192149
396010023
389519475
867703165
911512138
984821764
339609542
838627120
963553076
845136193
386853707
825399799
943776273
938472665
889673653
977415461
394111220
907193797
938305656
784355154
869583707
336173302
988507614
337977304
358205154
336330729
967776215
704855259
357335113
963877819
359623713
904419529
974010005
837531456
978420871
835030834
792654786
398957965
931253936
862948340
913658422
363855628
359236863
778232834
961769442
366695298
824779667
837332323
334481818
906427477
367774906
337850080
793142006
354938283
388422321
969155817
346625948
384126884
867687146
388526905
937343695
774719089
349067009
789342863
334111396
937212717
934687949
364779310
333451130
393083735
338571052
984384983
393231793
813347154
912866712
792369546
344608487
944345401
947608179
372519059
933858546
769168918
987654328
984831114
832371468
947547760
354747790
384980057
834760691
962920616
768811595
364004831
349426697
379901372
349562209
326032496
383566941
345866428
347633526
971733486
988823931
385741064
975640689
334569280
385399074
902275134
986406092
931344032
902426595
938954178
363525446
974872835
336131220
387844589
984922813
985376264
388089836
337442176
966955504
345330916
977223453
906256107
839532329
392291370
965255410
383786099
846625228
934508454
777757658
357875154
947998426
328910058
384512575
879875794
972360205
866596042
937199510
777865935
973876580
943667692
985069293
904033602
868906929
372444337
375291966
913530263
906520126
968052870
386285082
328416997
963700102
931633531
765942202
905643882
973044164
379855129
945450309
868805379
967633760
346115280
344300577
962301747
926910868
917957586
966401462
908443726
383318150
336735542
969640159
862411897
824344547
988112732
939407392
896897480
975208786
989100608
937343846
862498648
908971309
372705485
914810752
367148217
706634634
788783335
967835264
982892603
327482911
386413235
387277231
366476357
983572653
797838686
332905038
858180030
865885491
332606393
939602349
782545683
827756823
763046790
963590931
962920725
915330398
948324626
359808293
977371810
818113180
906278870
356773717
392905673
359352674
827866186
334734827
941046651
949791204
949434222
773958987
902118275
368836079
911056342
798984106
915928189
378836975
972012729
973039361
971211133
813108423
382356035
964545954
333669546
936122215
862224644
976234286
388157510
357558573
392630913
964891093
931178939
343382631
375773757
364714532
396660338
969496798
333434686
988479201
382730509
968918345
988416738
972012816
862249986
334510928
969117389
368530069
919191961
342271962
939349719
362847163
949141980
366125580
868756755
337216679
376988241
327400348
337683731
353450411
913681366
869634038
369845474
388032992
916767939
345889098
357999588
348340500
342693898
706738966
943502103
966400114
974151084
336559535
866082580
862511465
984168500
977409975
363277762
825064112
342397038
362614823
388012784
352824819
332204735
336247968
372737612
389103588
848652263
362296418
365058095
817041052
569202744
773572729
348972363
392447862
326446418
382031928
911523162
786803878
907763230
343189597
865123855
963304475
941628693
377239245
336798342
366391615
374073855
345671225
982178793
356797158
329186958
972184869
364563306
865587380
395511538
769077825
989865957
986910077
963558693
963085966
787478021
372245763
336332958
907435456
373395683
382352042
977305709
373944071
972373662
816065220
938475147
858577513
965993676
943767561
919335570
399041909
862605514
769361328
397952760
376585558
817920657
798087441
332787457
355919327
388709552
344977255
944562730
706637908
978904321
385872231
988813620
944201030
765291725
903897570
866174549
975476527
359509587
948659316
862230860
814273508
389035397
386792125
836113423
914919996
375223622
945119222
368584432
947857076
973951304
944861335
987431175
706699122
385268692
335589565
822298949
392374099
767658419
794854260
397832055
914011097
378989421
789176901
782934188
908476868
978102948
937070646
819636173
772198056
345612833
918330070
328303669
975603380
327564076
383669752
337216546
856008024
919049997
839848456
348700023
357126487
337734208
384739807
865951316
868254465
345889823
334466383
855769333
941549838
906137688
978882702
822898508
397986197
385857838
369492474
888585669
333433950
942832611
788239259
965945442
338887963
824288261
912868851
986351492
916769981
337488170
379936098
335628957
939511228
964252878
376481810
328458498
943504773
354616660
778793398
356024316
972549281
338583206
799110630
931746021
903654956
906268575
349785521
378861646
979644636
961338118
359109473
971626709
916403751
979529822
766836660
862138638
989822873
385459196
364385180
987613892
348761873
775895300
964290288
352355913
828964976
329023372
943849352
814155382
362691305
333525626
392970119
399280902
988070584
384356884
336586703
982485210
982983481
372171816
368787418
967613301
978243304
328377910
762959880
934641464
385760785
348307364
969930624
398686002
395916474
327509571
862672553
899515599
909246721
336825270
345691071
366133830
819581105
915097971
939682824
931478401
356881270
961021561
396569253
365703089
901518883
349014036
973930632
945663871
335437617
777452615
353155705
374455379
969464633
868116018
365247677
987324907
332165740
913628174
348102475
362693453
989776803
328349484
938001904
986780825
353803023
866648774
859659743
363404962
976504122
344300114
988908887
357876843
327472410
935921084
337076443
339019275
983268015
329178797
981415047
795046685
974475806
886980949
978114046
989324961
345922516
368953161
775155179
976450033
963724135
765063297
987331661
338066742
913784824
378391444
977654076
907650967
866525937
378250289
362156528
969685021
353738481
917013665
974451184
914172841
342602614
947561298
967072902
939643013
869111108
965624468
376142667
778769507
983453536
348395410
859042433
393843448
949640835
339163556
763924299
965068480
968697500
353567675
824701570
385031438
948454459
901536111
335568494
968753575
966642516
788865033
817146589
795768718
939526215
986914689
395281524
384903718
978406170
332270413
948342274
353769858
362384489
394499543
772000369
387145340
783765701
393991863
388180354
368947009
982496800
982591811
333659798
835475713
702248587
364443317
979280333
387118940
779372775
337997826
349750607
355833153
325764955
348673237
975647482
982218962
969652413
398655022
963798206
977022291
939746397
778348143
856528472
353574203
977719586
389920518
378656568
943642054
987379096
787566650
374282258
792113645
932519585
981061678
964826656
962072309
974221571
976826641
399899530
939316148
336320470
981925621
946095588
906061224
869391285
354786867
903323984
328458096
359860338
367749467
975113815
362704130
339657909
867113769
773346046
973434652
333066635
707859751
366488723
979378202
917600765
936688970
333222931
788859228
963443166
818174798
942051752
968260113
762596870
847179999
346821173
344608464
336816098
983236650
817354765
394442545
946637763
853880535
346446394
375402942
898286445
395456418
333339181
976389431
854911599
947132128
979054512
931473841
325130031
888300672
935482358
376253017
989162337
338320061
932285899
962687037
917783698
365971205
975633611
849012554
772466569
379346689
946772117
961959710
976623335
988318578
765577710
396828508
769610173
918957709
935963456
358600982
389298519
345982358
865452726
766527838
937542860
907983434
938650583
989257113
397051250
362267268
969790931
374011638
946937665
373255392
866718652
918575000
981788753
339465109
332500034
838363787
907511912
778549457
355077690
367047149
968162576
379998433
984719737
356701742
357162053
376795787
975222442
795609724
335459033
394337746
349541586
933048739
913036222
357922649
918999134
356741876
358275195
948299520
384212374
964099344
869592111
932311333
795763646
946849650
982295918
971754192
345040744
382434850
964403543
346617458
772152505
777919460
915758515
387159318
961115758
903323945
377276846
901406711
947904205
899620817
855956768
338439151
387339208
986160258
865859330
978942802
334562870
835647886
977590712
368594273
332454042
982999524
939083052
373233204
941960509
843251897
372927106
387581429
824514993
764906848
911371257
976587012
336661595
365290834
862003865
347726486
339619223
938664505
853691234
937662417
792995372
935666136
964774144
355827470
963937748
327545176
342309424
338841304
941648810
344105162
904466169
944789035
338416969
775529017
936883656
938552428
564344656
708387803
366730973
377044229
984572713
378906300
369383885
859279960
919575585
337043355
357117662
913915225
385448338
389862130
354217835
989066336
394570682
339622406
944742389
977772662
348065714
338350216
977575691
905979965
327049908
346441304
868123123
968372970
896003455
945180185
905450461
909226483
369143071
962355448
979857867
383617978
984540272
778877613
355589707
779434492
776802631
904188042
825878039
985893399
905450475
966913770
914710110
789609094
983954382
388864060
355876684
989622253
862218057
966897968
704125586
345709190
834745148
395940989
986723166
336612398
349205699
359356949
793309053
942171584
877442442
906460999
336179377
913869520
907857613
865931261
364094194
355216778
913819357
383737403
398762799
962765551
332326935
945214714
789424770
858233949
907663020
936321009
778340089
387262972
357753915
896709226
366374879
768961336
947123480
359349078
854623299
967439267
915985826
824148507
949543400
974517960
382403084
329449930
357571541
363759854
369835969
868666506
906098075
374443647
989380742
328927157
778128301
782766372
977136296
933327863
969064903
983561853
869383803
828023028
355694656
886415253
349664497
389516807
783717614
831637831
359170215
397814916
979239590
354076756
972623369
397710659
379947058
334558286
966758915
932810829
773352142
376363162
915852973
345446615
346438480
925387855
377357550
333479010
397916058
388557343
378456459
355407245
936852001
789633680
986290065
783121172
971433911
938333210
989890244
345956919
339821478
901803627
978692999
965451743
336363545
949034658
777575519
839786943
397351997
337521018
334723517
346246427
985444317
343620114
972859204
335833394
325513174
888363362
877034935
971076511
906042007
343553628
987256072
908834371
898650637
837752670
965914410
981216257
345057262
389671710
904895928
772742034
879798081
347357385
349110614
963328507
337468450
815028516
869892624
355093113
989869513
334546973
911511987
935539329
363496889
382713442
965380946
384174674
828980499
936419765
902967443
865892947
384746391
388473116
397525342
345367420
919469786
335662758
338766841
795494291
333223987
913989546
862721453
399835330
848501998
866150194
973585710
979960868
333861581
816462326
819403261
989819699
866001454
972255854
359189814
783355270
936971590
912985057
908128993
983444170
385676593
328882975
944164131
334962260
972756365
857204393
933278815
363533940
834845003
343883516
937406002
342109178
346719801
387573277
839629555
703621293
767645205
865497230
368722996
963030118
372633293
909700069
337010736
345497143
375317134
869316375
376143663
388307924
397886770
794566664
364430075
948482343
794546607
961512953
373111172
366233895
849017219
375172898
794953430
903717781
976855015
379009962
369324303
327565093
986518588
376393634
978798955
933165287
399062105
834245872
779900077
382944894
866469750
383343989
913764995
372953589
834584763
815736603
978797825
359994438
983236182
373424854
899346722
865578542
983093582
368915945
902223470
867778580
366086409
978212719
977292073
824241053
366540627
868648830
862772975
363411591
778623242
856675259
979168588
383290496
949753877
886040239
395179322
977750342
396557617
906629866
376818001
901314573
362446530
812336153
375607183
377822368
385199643
345406533
334770288
373329602
332396741
327979642
769556150
384243819
327753320
364063291
335432450
815016657
896898053
783828749
384837361
376389783
353937202
938985989
337351609
936500033
346837749
372425408
386966202
375115952
936334480
989737370
327566494
332646589
879732575
396965319
368343754
383297527
355217387
707218955
829763231
981227875
986746612
936075292
865438540
943359192
703636864
374445403
789082717
763006526
333205814
334225241
979245193
935973372
348385048
763013235
901802168
378548620
786460833
905660449
368188544
763258554
334567281
385746344
394665824
832705678
879871076
981558242
973961541
937433730
378924175
786915629
822262102
903709494
868600653
945394926
334556931
399747897
909488378
392103354
397624762
965961476
941593412
702652896
326878684
365034823
866835705
963246229
382380535
379739296
909770939
879385220
707140669
814200322
896693713
346985265
863485586
373451397
904772995
834582272
392871433
369715583
372654321
335935966
985098389
703601473
393662583
773114621
837530494
772378666
376556083
967329885
706433256
898151212
939913581
964700429
975004531
357840885
338332021
359062235
976109255
889608562
969404002
973376779
977947143
833950164
395583445
988207558
333839954
339190886
812818867
787962640
975110278
972590721
703402994
965600545
941636629
347744735
336847925
328328402
328517600
356677067
395136262
986476833
354247686
326571938
947363058
905879018
777763117
376969140
398266983
376426371
948509187
918764023
819773335
985581787
932440910
944613387
962994744
971598428
386403065
362144116
969740141
969122389
374398990
942658314
356787520
924538825
934114223
965500992
334820742
703456818
973209009
867137262
889206850
352528247
987655001
335717719
332652330
932116724
768722945
981408063
379758180
334985049
979775330
389578201
708471942
911021115
325424815
976276170
939753289
766542088
944010092
947778907
393481522
362351355
333783537
398328146
972888444
909622733
378121660
848578068
375160648
364483702
349436579
334866682
981323934
373798674
376647281
839761998
868071504
962328161
937380522
373950715
332315096
812030463
843326167
365661039
763520298
906132141
344470112
335334617
966746891
988778940
329065495
961490310
763730461
334464722
348983324
822008128
987427976
917489308
388359731
387752483
919786235
931613239
355689297
838869308
943174919
399266660
989171176
792903748
397279387
793605688
966835158
327207268
338099138
879802757
373935832
972473586
377846793
373710261
762611606
899844765
359657446
888603259
354008302
766849049
762980769
862981284
388692190
772571178
774433312
339141224
982072010
357046452
966367175
899468211
338602400
971662399
337148920
983121168
968914210
935131480
976983487
373478713
979487080
376263254
948133390
909728322
964615724
935741548
985340608
935844118
336389337
915080776
931496977
369813578
962412917
356577344
328593256
865643229
909906553
985702207
389607611
703892118
702688895
939698648
978611840
847953958
984629989
786108179
814133123
369915381
388498780
977238532
707473721
915972496
358573061
967042099
852839357
825523720
326488261
969651813
944323971
393209448
898503908
933008802
333449379
914174173
916963129
903710753
971165762
336673372
975691885
355982476
762507183
919471984
392862190
935837296
819953002
964668112
946187564
898183127
987693869
857675013
978223444
343932295
375063477
862856607
971684428
325936846
778701307
399151109
931430052
777336883
346771001
943602668
342756933
909717708
914627397
915753534
902336690
798825371
933510708
372267169
903605323
357599635
975159471
823762620
914135565
867470915
847971999
973228150
774303917
396601746
783813287
977188131
774506778
366027423
837096889
335359530
971189400
832971154
971462343
328960170
338507585
911487327
945103222
782010718
942137457
867896877
906714515
818886388
327912975
388746324
907973742
327238217
899511473
937459664
837078126
378858920
853243773
774882525
987939060
888204387
369363965
333531952
352142901
977035223
788999137
911429810
336082388
867691327
359954940
941796051
374074226
358968675
989813910
979723599
394591597
326491410
941909406
933940432
782007078
774423217
356164846
347980059
869673840
355843315
944354048
828488337
961593774
352646036
704944435
971086599
868933693
915252989
344907249
333458486
378530159
939311442
964256348
975390223
979939453
968116092
356176049
903675031
796657515
363238239
973273757
705941259
344131878
913478714
368200472
934530639
982669432
979000298
869678848
762256904
979004494
912048240
344465135
963705246
918059715
854966875
397978180
326460356
702989314
973388770
374451826
703613115
325832831
342180116
919973609
879353069
918109474
375721137
394018872
355194302
366454132
827161154
352670652
849727979
945731993
937271431
949925648
983235314
384914292
912912822
899009258
937187315
328117963
915774698
702433243
867895920
984225349
972403122
817906587
977501354
337086574
866237490
971886914
914388702
788029396
984223055
853242304
352309900
836789456
336616136
353092510
394795858
937684444
368779062
904755722
336558673
986273115
347841273
787155576
794814471
972733504
797805476
932914143
383361232
842903279
392278008
352414894
935672575
967246353
978225918
776364787
813337380
353813836
344504581
788724293
971506503
369018365
353356669
822494947
854676660
335504228
395217063
373141549
867728019
968684001
972542320
984531014
846822899
328110749
902764100
867476096
943726998
793680242
947155363
968869846
971330667
364265084
939522734
975858371
877267695
938482492
376921652
787934385
843631750
385635952
826881091
343217808
762853501
977401070
388891642
973247141
976444890
329627113
335525762
382388511
949624398
353798353
962678692
794946786
377993487
815308650
981335015
973903780
354739923
939026865
984290099
366975547
343057922
901437817
906442837
962837230
343085252
379552617
909447923
792894497
358409295
365046267
976448589
975286820
796078117
962401933
966175457
364612360
372006729
366231964
988555014
378476373
898692433
974631174
986399890
797453158
339959267
981374529
852928510
976624291
987119206
943093365
978252525
378971190
787242000
903017454
949853242
773199996
987324355
968345574
394942727
985920654
981591749
329873707
779949185
889320473
377011536
886093211
359267742
343883896
369496339
944799524
387368725
354465151
395820926
819465721
397807944
865979131
988854292
965180511
964327851
332473184
847797059
355596209
984485767
967942776
382484503
829970794
912155011
793843739
397462506
969423794
986924774
338727216
812312991
793022202
385470166
334325010
336785172
974644290
349740933
973853914
352454787
565535916
384220416
366189002
799595900
836765134
355500390
372022640
353155071
328459940
346754933
397100849
344445322
389058341
846242133
972193925
344231992
827131250
865999463
328610497
904898968
348231300
915780046
386722190
879665947
394120882
396384462
374507661
858698650
394241569
977621251
369243863
385546564
839911785
779427368
865272360
396765802
332103519
939943278
911848800
937557662
377889525
926887706
948746275
904014857
937926211
774257308
778124883
904999470
905696853
976019114
969542635
774953082
348214593
987686553
354745995
389729302
911490575
862299820
378359167
788022883
365920195
987721360
327136650
334664041
769366433
899655914
339374571
907408452
348067266
354839076
918317144
384377606
777679450
939975380
364635215
704778930
383678391
945470036
355332930
815018181
964917275
349769676
907097669
869045876
799938218
931345188
973003145
352045197
964496391
945019732
831200742
792011241
789294335
942826157
976335423
977792901
822731652
346132379
327325711
945013730
982392519
325365063
987010844
976048140
867963343
988556357
933873699
782979449
905521091
868182591
902154816
386665550
845707999
978900837
338271010
971094963
914648498
966346958
375684011
362595296
977343341
334542783
969381842
966316068
916737837
935398450
967094271
325263153
944621094
325609831
772130899
938160198
967027237
393260213
326981231
982345753
943912980
846400149
707218548
778444848
932937107
332005952
377335749
988355085
378415694
902281305
903944136
347449319
838798747
372866695
825740486
941842395
853476540
394576050
355036507
395913607
983881032
905482490
962056329
942906691
393585896
389433823
795441561
909276167
886260413
397275313
356177178
988704971
975378973
919119302
389579308
798018776
976784725
978268592
395165045
393219500
353570987
375474072
987917718
916403208
852631524
763207552
968207410
974128230
918720005
967278497
903438827
349583090
975841777
396367953
981375633
911919223
705037284
898385156
966676395
816262222
352813641
365464614
989992100
978450986
338945958
971437795
926851634
587279670
915058407
388808257
976178736
399857914
336411950
971640374
846969727
973223773
837397506
398851950
369927214
941880941
783789979
903045907
399993241
969249279
978708244
946442722
932124862
984304262
564274850
918611028
972445995
352613747
373925280
937388642
823185033
986659104
906770900
367712917
347078826
918626811
967846204
763127933
394524452
362371436
902463909
387933149
917518301
974638608
345383584
939423147
916917641
343170063
385232159
814746325
935033452
389011536
933776328
973637071
978890666
786965830
339239235
565943804
774331299
971297259
856758353
916309760
988340447
902328680
339350446
968233567
775831812
327627397
886449122
981409055
898639102
943016901
344287365
388181223
978645456
375609325
395140644
779805598
334806898
339342143
904142192
343377664
822568522
336428587
374890141
886258599
344259763
971443991
368032713
947036268
912752766
835089415
379092205
396904101
903100179
702374997
847416656
814421738
868234402
982230189
354436551
353430152
332198944
359643065
947373241
385039404
963042753
844194662
326731238
898570659
902539098
965596906
976422038
907462252
335256180
818308968
826968771
337294850
353271295
344405117
961754018
358771627
333512673
346148412
917921590
971348719
986800270
907772818
978858466
901407275
937269926
855261456
396399318
333823450
333032456
775505832
938840098
375133157
973415582
822415165
978394826
378597814
367947022
352481627
342830948
939411606
986127303
799125309
392967218
335634569
981184897
783864488
375541565
347370744
327827636
965665695
978751555
961100578
832337736
978573236
982039788
982603860
878855322
362030568
904012248
986988271
356285809
975938029
971620684
344468908
327841206
787799289
333444243
869258138
938996811
905154125
854191269
796321502
789128191
913949068
364612155
783910283
986176197
344295243
969544982
354358019
943517934
938393946
973291995
376995967
979408942
368555836
387880751
914010111
399914169
866443083
335400627
907154176
865176667
989021639
367678949
879647601
366033882
333536729
327005676
855158929
931324098
978896473
974360789
397901402
967661115
385405357
867972008
563255913
902381400
356723999
396853787
979933182
376634025
785203757
705162911
917727017
936180858
375812693
903315268
358019195
889225037
962294067
762533308
374699475
964454324
708026252
367816468
962519503
942577973
935350891
773348575
332253907
939788189
345230084
399637112
903016072
563139840
911052315
972659748
365430635
964140325
983260017
799577216
384061927
886591455
332934300
338931926
973505318
397502938
905853762
938558186
767089769
852723452
819152743
707640067
903189579
785081208
389738156
967042308
966735835
817627838
987389857
964562122
947834951
896534993
862017338
783743333
973794174
787901148
796445045
354178631
916007967
964065731
338241140
389300773
822008428
334453304
357579111
967595552
966000567
778172997
946910129
908306669
377297973
362710672
356760862
838423492
338481457
388010147
394488544
786817697
329306612
971265470
565678868
989892063
393441197
973138101
344438039
862975171
973380492
358822195
375665775
364268715
383578202
865383599
387234671
971736532
934913613
346495970
337890811
788822368
979846611
366792683
971854418
977119153
364532576
367337421
342440195
327695091
963133433
346338393
386730262
396510100
823794773
967945057
901861692
379707051
971471948
705468971
367571036
396775333
889477471
942789807
353194694
912481084
387304412
702824112
983015960
394072108
842105178
946757239
967998298
813734531
978380183
356606241
855789970
398534697
989927309
947215151
707277728
369356211
984599087
889609071
823682058
768230982
968162229
336464424
914973067
387634492
968771639
933895846
768523598
944386874
346516175
918322346
854867506
989259543
915283347
368945105
987408175
963826377
363694941
342378820
333943057
917111186
339274122
706718483
936713114
372853331
799530396
944932018
355535400
329735561
374794592
764676460
775316627
911245386
961238271
384871795
352197275
962789667
965162533
338042195
817702208
358196102
813945232
901660180
986842079
389806730
943029490
988299121
342829723
968901594
347270042
355513754
908416827
945388724
971159289
765321737
387977572
913743446
786551369
972757255
817275667
842013931
963089394
378813456
933196020
358253294
366745041
345304755
788928904
978150209
968247689
352144965
904374900
767918272
777405780
334627016
961228732
812415059
366039896
362272904
393665456
945821801
915686028
354033711
914815467
337183356
948672768
878995820
374501533
916867882
939223791
398005608
963544509
363114541
706175062
946109293
343751014
934070341
362373372
979843735
373355647
397051983
373251285
346106035
385357903
865977413
934651333
826688636
947205709
362004533
905380650
347797889
865651397
343924815
366402715
377375555
799481839
585751744
342066081
399799917
776206442
796664767
385936785
382268017
966336012
943389178
961233452
913138386
968080462
396761535
937983852
921226232
947947566
987003055
584208621
794146568
367142503
904206132
364745023
962741370
977531148
376995455
934997206
359066154
347456790
356625324
962992770
904542012
776484325
816825358
965846382
332591768
367476057
978681002
782826347
825788854
877726994
794044907
788788809
825565534
902738891
333628306
867563955
907517547
966965277
366946735
348607536
969736578
393684982
983088808
339361004
857729469
326622118
356409406
766498856
358183187
702111172
362448494
795477197
982354193
919477260
832723004
972616629
778100664
763098675
933967879
769357322
829555079
348855368
563058436
986264349
337751559
918920300
382887220
335515070
918146873
336786860
906355645
339362175
772493105
974774348
978028748
967292743
961275458
353299198
973044342
707025506
707224194
901429920
335927388
869202894
387063665
961034699
943931737
377275704
388786482
988943928
857646809
344472649
339370587
395492518
326200322
984053057
967320645
982735170
353992125
367029380
949092834
877627763
383696303
344221401
824666934
985580652
337210056
979151243
358589622
399390345
787752066
766288666
325791662
971682032
936005514
332807840
846708669
905766108
948606236
382262711
394867622
326899787
385964263
349394654
943332819
948932745
384726564
888295258
764363695
949793282
336213784
931925612
899074448
352227401
963327538
949459056
939571829
332951814
348511679
339262461
946921929
783377498
582599566
563293108
353559729
386046791
937604194
934446469
939057153
825324543
378757228
329130849
942689515
362423295
868911623
374275377
387817452
965101258
862692928
814904443
335039020
902629240
329925386
907887745
968871385
339958715
935065365
977424499
939083467
986526158
919796349
703904359
868331412
937461899
774150706
352921288
708780808
906987033
826825088
353062719
984713737
879474779
858807770
865146946
378091180
932668061
943017686
343929296
963287005
763880149
383770860
962139000
848828791
916726333
362539682
347341782
359484820
707551555
392188545
818617362
948127207
345573622
345583787
985476508
901613456
968997956
987877792
365191864
376853514
362432434
936099725
968880422
931949210
846506617
394850972
334994815
947767555
379234898
364370126
901733241
907884886
899316054
363990487
983418180
333294404
966318817
767750609
794806177
392176698
366989809
385933402
865537680
963349301
839110141
396544007
387895716
398677815
971605321
339010602
797952187
793929880
392629117
386925162
345976076
362732440
375464727
333263016
973089282
326944861
978013533
337918245
817357999
374686154
912889328
971014696
862023112
797260709
394052196
972031280
978998890
963324134
386465197
364644912
978822485
943684649
942962903
932730676
792927808
869347201
353675916
977778360
704993145
329615858
933096320
933969861
767321345
325633428
843429020
342065340
364932909
382540972
379722299
944448733
918933747
899276227
395385675
397537935
378876015
357490398
348610536
989299213
774463359
358672310
939209828
908526981
703741602
838269768
367185503
934919959
375106049
763681911
969819851
335763810
327883020
917776573
363967812
563381927
987513585
344016919
354480266
766924366
866011439
339491136
333542408
856491299
972611887
346796594
382876502
934673489
349192514
382170441
915029954
783695164
968238078
372998292
941779310
885688321
373609853
366359679
377878619
975428939
962535612
968719820
777171555
356518322
969185525
778267547
359516773
706590389
339350330
865785154
348890772
969882322
367548448
907810769
935327998
385399707
865061085
899875053
335761845
945890112
975607905
862957881
834777239
796532661
778248090
934504333
836523652
772476027
976356635
354629500
399550569
973711507
813264086
907421549
904123072
792710727
336487789
358538011
395077390
367243866
869001765
356816989
939706708
987989192
939520423
379515034
785482700
933738866
968668862
372097390
335656283
962182640
395432094
966132446
971763181
339527900
327459189
395480930
835636966
375928224
983802515
938950155
356317119
355956489
868404894
345158696
973161590
988358476
394000692
374341157
945131308
983768005
379411950
368817003
357433903
961988984
706867232
326980287
353543330
904897590
707329513
344321700
395751221
782369743
866935996
988757674
364770442
935494974
826705272
939068048
342210055
333163382
362660800
967085627
987719429
976735307
945284167
867071747
877240487
933242339
917890659
946157346
335086905
358484716
941988919
783679170
942500954
812232357
562120982
337549355
377356073
971494344
915853877
354675232
817849979
971014603
843668789
819777874
364302369
865549770
963976853
933587333
818200898
963034829
799244457
978811419
978855439
937187236
788933859
393107932
985612758
708101710
935667922
908757577
948444582
385737080
935659096
818965708
364644261
364142890
865577327
858173932
942060611
984363080
328593195
383738284
338843429
327327374
792522493
964699198
932306561
383783656
396765073
916599070
347754013
355127356
347634324
368530422
912889711
347104491
964453907
865177964
866677640
979046544
355536091
983670354
986209836
989811112
823377996
398143887
376451089
378424010
938319478
983583621
985997075
389711323
782502069
931630758
774111367
388583044
342087998
352350629
931254414
862562701
984911037
327672635
964511501
961151389
936116017
967549483
909608970
972382662
931384430
385307552
368442232
879056240
329059878
874596321
978918772
814464817
762933689
819293458
855881209
833060203
337930518
348431020
787572409
379731047
968126932
333567223
389976179
327171892
389251943
965546950
868877437
388931093
393893207
906796423
345429577
842842244
902505951
824789324
795650639
706700188
968082684
392289349
345795650
971462779
948945322
981894926
944135066
788954046
816335037
332096875
345160948
868002972
965876626
935412190
981010707
707455864
981734279
947339770
762119094
906102317
985751135
903769551
935129823
962673858
788289258
933292999
975184524
362803575
385155257
926296904
977696796
796815765
794803372
967266263
967714567
334455008
977549084
899996196
972921605
878244863
377651056
335187048
937942509
976218792
333419077
987131154
768696539
962954712
886096782
838416938
987540455
345041791
329536164
389936196
349217457
914028348
818938205
374975293
988377716
972510714
394134214
389865635
932368468
774814614
329342818
785063258
377060318
359496595
968019267
943908903
377985678
389582442
364393863
867664591
978946319
368839225
969885175
964462038
867860969
906463513
848884328
853905203
868969047
349220314
839378285
868966991
986324105
364050953
363611018
879809930
915471123
987695646
922601990
933606992
337871406
783454761
981597848
389961938
818531813
961819168
377818479
797838141
364563564
898899867
796475923
947361396
917988959
827065272
346092859
349754132
334894245
972697962
978941423
334189541
967412642
968281560
397922603
374400730
935111936
388429996
389148956
813377132
775661399
378189375
388040041
396905122
968877898
332919428
944067193
372447542
358382218
798115618
888816399
344550823
984153055
377370272
328839030
375524563
328701062
378018925
868217590
813411094
343091396
913009225
372818838
345317828
779544583
843113119
986668163
362607958
983484095
937164210
977178823
353685954
395453867
888667422
387461934
378713611
399588561
346375229
839730088
972277124
367282553
349919681
352839419
911323523
329776091
346898166
356447834
348297706
386240171
867984301
889334479
704567100
961015120
347047072
977879326
348468065
364329203
869622140
817012372
966598665
704699837
961074659
971531437
358001754
364596486
376877471
859789483
393222115
334184133
948258140
363214381
908250733
931583307
362012304
933803250
395416606
906508604
948947071
376750385
918555344
901494259
398233377
859585272
839025663
909447628
906022388
937034061
343441146
967374210
902233756
325632293
377057668
905664172
786004757
856386386
886259595
855250406
795263545
965911214
334073398
376046885
392601529
779818271
939552195
334566635
373384803
339016662
968442658
356827563
912653131
961156154
989085639
963339642
378988071
327986626
969388605
398856895
336789560
967558871
768421528
987706070
372849415
327356567
988364245
396992879
353564580
948738718
869676083
388244759
763212464
795158888
354526404
981709727
818772096
853197739
977942239
971633187
898289993
931412661
903065345
939555524
886065094
357393933
917433438
348101820
382459155
963216540
939860629
983251046
787968056
974616884
375872544
937716656
334466441
827805266
914796712
329726603
706007169
975828033
946625175
946708449
779805524
395125684
815398886
392307988
389805010
939495437
363490090
976398929
967624155
395974213
936819834
908801380
973263981
907028552
329477020
965753651
942538503
369649602
979296426
948392362
347835291
966454289
988601788
386661542
368501207
393827467
339201346
936684180
398675789
917606828
334292943
964208939
988844474
973861196
907891584
969132870
975388597
939196162
899028692
356452949
762845683
386075426
374584323
398660387
327923271
914906038
949890042
706287314
354892364
815523022
965825163
969327671
866517805
395315235
348328798
903492663
856244417
369758533
702034144
366626050
386004859
397138911
373446064
343303043
356984812
974766178
344704686
395402712
772630386
362009219
349143360
355037531
972013296
977110209
346075081
364293242
348409720
961695420
846941124
776402533
365084416
354952793
888684820
766872584
854851009
366617293
969662930
983620076
346242114
705437130
975453456
348018100
914622101
563134179
332141489
903625264
857686529
792777495
388804567
986380670
902768555
363026562
353564555
919962037
938093548
388014561
981949152
909577168
332582881
983372071
328307683
944177282
986225134
386341105
796589654
973399980
973189175
988596540
393877699
984245253
352590770
982392932
977542778
987434576
329423545
883399393
948807287
949330304
948342686
325533575
768632652
868427108
369393141
815628303
906494920
565195931
973048277
335437340
948053549
348358803
823678511
335729580
971100651
933374658
987385461
326708375
969631107
773348783
392585790
935029540
828738259
843163456
353609771
965937786
398232888
917812869
963224661
934686526
396552831
982437442
963387592
358873718
372132567
388125373
384320487
966744701
921006495
981630493
396091986
812205942
909249707
768385925
932896850
972628797
943221706
902601868
784098165
902976885
382722486
334204834
343435824
983749584
978436086
376301072
975773416
348646876
394934617
963024557
908263596
868892037
329383646
345823086
369748082
933147468
364240416
353680900
968596934
907099625
982804172
388657073
877332657
387967272
909848408
934876609
348789255
986827018
979859559
369107279
868132684
949339059
905919020
777182276
944310047
813832006
383716964
344931283
328347616
961315463
972045196
961078113
399261927
358102618
364848766
908969579
833693353
977994020
916481831
944771214
387853831
399527230
834207730
785286548
346157589
326282909
971281596
967802903
966169642
977301707
986653652
896463978
357587725
933746121
913636715
961522324
792819118
343883421
799308122
337043308
976321780
375620288
949519013
865525674
983438652
368806287
399574842
338333253
352983082
868363368
961795609
906454688
343207875
902982893
328402643
326299715
383930176
972392817
862107749
376400893
946758692
975463715
369529767
353152542
388582183
866830624
817575046
349744420
819483019
979759076
917595917
982118072
968841239
888134990
355370707
903629552
373876946
368880940
375090543
772027336
358227742
947681580
366740824
334302935
858655485
967444935
349850767
835772145
368445924
329951105
824520118
399123330
918282506
787051922
976556279
913172812
388866866
364532105
339708946
345943847
329589887
905056333
772217341
907876114
764470667
917937027
342852932
335815589
964214642
968073685
333258100
971900254
327011541
349200738
384222511
363579741
333685121
396432153
332466728
359956291
325283529
938270450
947456458
962316034
705447693
393534516
904546363
772870659
773602952
338698275
385703318
787674438
766550934
988133626
836242999
335240027
976299778
347953806
868849733
354728949
848600997
942511772
944606376
919852388
356495917
963074489
354254235
913432725
386678786
396414028
815822503
369075324
388124636
919461533
348763875
364239052
329304363
862105938
862301968
971857509
983355607
838078007
848866962
337993546
834167456
363244113
983519747
942094109
868117792
969003213
356780985
943472022
703090757
878169775
359757588
978832477
795885540
348328595
367404855
935658680
979047169
369087436
858340869
703348612
397257985
327284274
776759953
784107952
901254712
777074764
337477797
367547289
969848401
774831125
984454484
862587167
364249898
974129504
587281014
986380034
908501834
967810958
379523531
843697282
376271998
365680394
874673378
785001368
338378865
366362823
904384099
917534804
988394109
362619990
967142238
327674245
986165886
987201621
393966993
984649913
398041025
327087224
328115756
359201058
366592944
963406087
379609920
763835736
352438887
869044628
377688037
902779007
786038392
705893787
915991486
889725369
374465947
369500253
395595432
986517384
943429074
911784938
931568218
324356426
365953930
348543336
904565679
382815160
886979408
367741413
869835221
353487295
914151549
834972123
338314523
394284580
899921197
968151794
336924574
935997367
868137085
772325260
363999551
983785090
377030050
332896999
908555393
978922691
908939951
766050988
966011987
332760564
336346495
364851436
563321857
363175965
363432534
343384962
384405112
335087040
335473757
355960285
373630204
908685772
979025590
364059620
382364532
979837836
383179148
908825587
915245646
917970017
834650772
388635098
858582238
817872166
343211437
386706991
785858154
378259241
338368726
978130666
934794874
366614655
966799419
779776797
907521847
367185011
333702815
327087219
347323925
398283271
329233055
366557808
795409077
335575669
398056653
378526118
563258344
869849146
982169873
334767036
938741894
799353685
918092652
936092207
869572141
355033165
368461232
338969673
934456003
858285188
393701868
933874695
708078111
813084185
325758025
369656317
339807432
338345615
989318251
387361752
987554808
333322474
328699304
782125277
834322747
923327132
944283626
374169261
968690137
336634890
334801258
988289918
774224888
378943330
375418117
924179245
902058208
397296187
902617282
793803556
374432114
904139484
354270465
792255655
985914950
907531767
946258628
364501644
394664703
865502444
967760648
359442872
393375827
869146651
916705810
378568425
947377556
326491118
795776634
392839753
398200894
356002111
385194173
972346429
394375761
865328350
327803544
866009460
347869934
868279726
379534480
944014652
766053422
365452571
977080181
919256075
376117939
399478743
338653370
342188198
869751227
902200188
355653394
348582075
762683224
866590541
358188179
342044060
797245767
383341187
364195330
866200802
705260935
394878674
367814975
366608323
352595344
398493005
338724184
377463785
974004856
814887422
326597650
918651055
915020152
937538212
961728790
357137384
797120120
333538294
869955373
828134031
367976043
396530740
907968014
367057787
942359047
374015600
335577890
975892028
327084431
377362418
766818384
813828246
902396247
813191386
327657828
397027364
865690234
947946466
979950167
369218082
327562495
328865432
366206516
914702069
942439565
934355763
366041296
706768454
985660104
964328907
329309751
977815447
355525926
773677784
971103844
946196460
339585899
917928428
865076417
386266078
837356737
961817694
911500996
379188342
868110829
394295906
867170037
947288717
832394820
387916816
973781930
905085811
896890566
963311607
345188465
904863068
914130259
966981250
939021197
353486451
862199342
325946482
779307922
329367093
865918944
384920986
967523097
969604933
936914025
971673951
366599304
344382560
949145814
942878237
904234305
983667233
383089628
909788334
971869152
707184431
917960411
563257334
367147387
978962215
338630962
398652656
395689767
969550658
916849468
973763546
939005619
386261478
355853624
977278337
366981899
367888733
972432082
329041372
973472004
846124126
962063924
339887578
813712151
988291599
349218553
979222535
395919720
393961018
372304438
357233743
365357214
398890287
337015346
981754589
907676936
939149373
868972190
984198298
939498535
358204618
972884529
356624818
777849149
333765960
938483330
359792527
363269366
385463046
973944273
899396616
374725358
986065400
336668822
905069386
945323996
764809941
329007985
812284055
972624219
357772969
372193768
909448902
326417516
979055646
362577091
827010922
327802735
962602993
976729893
936096784
395960104
848279323
355284817
353942908
365540650
386883657
935125995
797382106
378120005
337345926
974653282
368001873
784032441
986472373
393658928
986712600
852079797
819553979
376133490
392725465
972908276
865425054
932243494
931908769
345342505
369729589
344504966
971100474
984535705
972060680
347909415
974396349
369443542
349100340
967033327
834062977
932616042
353263182
762212742
345299382
384680595
982990742
933123236
354585597
353173813
328968789
937309773
962492388
964932262
793333943
907613825
766870700
947217024
582724649
812956649
366088395
932825208
373943661
832063263
984465788
869529932
363704248
917881707
984507812
346327487
926224748
859231469
904615238
964223927
905741607
337912314
334433703
342345754
356851135
967850242
865904514
976852968
967273613
332324721
832982006
877686290
785930924
983007997
976570735
904082206
967247174
898205676
932796848
355492141
833252088
353241442
964168481
376433401
355208769
977210545
325790158
332097770
335735350
383287401
392077511
373366974
357120306
335880330
918263446
974501596
367939692
974993370
377367532
961635437
907810058
386580077
816802836
814959660
325397021
971602026
901494346
389710844
373175319
399431773
969048595
335294529
769445730
907942854
976221645
909400256
978969412
862108769
849001027
936683775
862672772
867941109
983424808
369301537
399970167
828367756
798303313
382287879
389960370
337697136
326615555
904223455
387334241
932096786
373352396
865947495
792116968
346616941
364086804
977708177
327354574
779017555
328173758
354271506
334722569
917901966
817155247
352421620
362590043
344503662
365314835
374460939
384831480
978323275
905135629
931560333
918955897
767388314
374409483
982942522
377655943
329512103
964305326
972526504
888269018
348802570
367630568
393739720
374369935
377666517
918284856
397243516
363679238
367885099
904677734
353263118
376627960
964494717
988584602
384384233
362584993
964979030
857562766
946062588
963515656
703473119
858000289
357072206
936668594
377837983
989225516
348281878
971432601
333873872
982048811
398167946
395001912
355135154
358288162
392637520
362570504
987492047
939228632
332338644
354200690
352351511
394630729
362800941
793338808
357985769
868154512
398847567
962700552
394088020
397133969
982991974
343301408
975004295
869254573
971241030
336632792
339892520
939644664
969726843
345492237
839032384
905059238
936750623
773314488
914730709
988697099
986585838
775491000
967500418
898300089
943619563
377193121
399986931
327656547
868635455
379270702
976600980
327432771
971621660
968311053
327968813
823585601
389882215
335225515
375112553
905793806
857427793
917970979
904322131
374805928
972977020
961248247
862880614
827994654
889935288
349826249
868103871
913424134
338218226
934343418
988664896
868798640
376343436
797971076
385691571
326509529
337695241
359168422
772487465
775423391
349774216
946858011
853210666
899933136
368500187
965126106
358084308
368585688
847020019
866495082
393633199
898345659
937286674
333438362
965152010
983354665
828394690
916992949
339098113
907913997
932091980
799056370
344861050
977321969
785850659
796913291
985934956
344449002
819990136
565677321
343442720
393067872
344511454
336557376
984313153
365388155
944687053
339688371
868962706
852338821
918081086
339614031
972967237
944196780
333066580
816322564
794716964
904166321
339852686
921852148
835911928
986741171
325066230
399903144
828007451
367829522
325827513
786015962
356688923
908974885
793234278
798710775
976528237
388748123
943719244
369673146
815565058
914369904
949799709
868909543
839272012
393897740
984510711
348944864
393862471
387477238
963753497
376371316
343627607
941444444
944888797
386625508
867895845
968468329
764097534
835832656
814699220
762361530
962225031
854881415
356087774
335924919
394591165
909128313
901630125
788809376
975028345
934972253
344040052
342071831
867185943
333251416
977982327
964123818
867939522
377587268
358714002
337492051
964808188
905256625
974326897
938855504
343698114
899375880
906861165
966995465
948178682
972680834
377357031
384130366
344653783
852489992
357285378
961573433
908314148
912854960
981722759
394754568
985282466
972023995
365495023
565236470
852392669
377889966
774771911
961627751
862494891
385265879
569546515
813647249
917036533
943032426
838134213
938939617
969452622
939056867
987544575
972314209
819505787
913650367
779295653
898780843
968396944
353412919
372186470
379430883
345077726
356547450
833011966
982600149
961700910
385721500
974908159
829419243
909798475
779369396
813210712
707730250
367689057
774025911
915809272
798488643
367409961
335975076
355985015
393479799
879211587
373419084
855603871
917896382
363085010
987198824
329253003
384306086
855335049
377731389
965072903
372440259
378886818
392353288
949844403
914446819
799290360
944681718
907652409
836031582
865640874
376839667
366811866
336655580
979576451
868930838
333538927
974047284
983285521
975598988
792508205
928838939
982591568
907634686
972297943
898492419
916225661
977360749
976600165
937601723
869961801
335255838
356269691
832511073
909586712
374986349
355356130
389051426
359661846
983028454
366822770
888663023
342035145
386220063
379501370
364938546
777699217
975409500
868694607
931176950
334720788
795803093
707540498
367241956
369479439
905753875
399008497
985303460
971787334
703139211
943801859
334785200
932429686
358011508
961117549
365679424
943131998
768797679
327473573
974931442
842470905
877869682
336788761
563420578
774630297
392852562
983652938
946378555
335365738
888642575
933864974
704408116
906680633
886837960
856282227
938656675
867597599
909739576
327800264
345747282
326428129
384377811
582656045
388158135
967516580
974729912
965286543
395579879
369576711
399247563
705464283
365963855
906014886
375257305
969157180
344672965
971149266
886162753
382208472
907884363
389638640
965087413
346148076
398929492
346700674
799051518
862846872
898548965
356735180
898631606
934141105
397050375
356775361
936223755
979505677
976448092
983120663
937315475
962110578
379228257
328383438
356920887
862137305
985522385
919889920
329323708
986108559
868706227
392013920
353450096
703555168
353348443
369106202
946650270
362319074
337273216
346157854
886920017
979998856
979302513
362715616
366938549
393129662
877289079
799054540
919730415
382999697
345678524
392058027
702434881
702334815
398245028
369368764
383589407
939255659
366016847
397180729
905914835
965787293
908419343
353314162
397919524
937964790
849701169
945417607
343347061
948242862
932112467
916883283
365601301
359553955
972727035
366207792
785901267
392326832
702991015
353827992
378879069
969459500
379162693
372488527
375668769
789644535
984445971
977133874
973559113
352246071
967293492
762422772
389664014
384938154
372305082
815803338
344586846
359318196
846506580
363066790
902989715
382416529
325303405
337214755
834895429
334809458
362751902
342627170
707963126
325897665
383453319
937327703
896446386
346611512
392482373
983277687
347664718
979243031
338718869
964997190
564945365
384527867
922718277
845385595
342995172
383890478
964861886
966837251
908104078
938972439
376288057
366285140
934529435
385328593
866134187
393100820
936740563
865106385
918330883
334193987
379999258
374731370
967987920
904830149
325705101
898690495
824245992
862285075
793373051
348258160
347773621
847490638
912746634
374564086
989673577
862701049
378450123
329066248
328584952
967981189
702947101
987231599
973258573
965261872
788878045
332555090
967795005
913309542
905045113
969341440
563118988
976923853
963145216
385299881
362596183
901236794
907711231
988089458
918813936
859932432
916576829
365477762
346295169
773579999
364630442
702958625
343940462
353564069
383648890
962399947
329082515
971605579
936637686
336743006
945261346
787843336
787583290
347251953
383146800
902926145
862554159
774523411
343393416
947450667
334834485
336311569
933627446
789536200
377402994
398528138
907837344
789014623
397877651
862573405
868871660
399083110
394926705
943598608
353493482
987281221
983250845
702963975
387016653
946232533
335101818
868922509
787525821
964576325
378951780
347610775
346859095
349528038
912661550
963263283
986116914
327594016
835724086
379076053
387006201
859539505
344691453
964270052
376797676
972525400
375237714
342772362
933991782
969058703
767583878
386080043
797723077
908538817
865618525
377131575
349791780
337449229
814469798
385670413
355982577
773930237
353129310
372948022
961812774
917624261
385056068
869776395
363418371
974158464
971258389
848895919
393981447
934789810
336889173
904217009
977551410
358317753
832410781
903156435
346011289
396285517
333487210
917547384
963983859
935507225
854496272
825415694
796112814
384812155
334216150
985775300
383283358
973384573
866098310
966952887
834132970
386611951
986356058
971972484
845660585
343470683
789464757
888102075
335938593
353558426
867440749
972539441
935258877
909617771
973982876
796588864
982237749
908272164
334170229
868724785
987452606
932518813
949368839
397977110
977956081
899483324
869239735
342438794
937889354
896440595
376736572
935377839
378804012
862476970
976764043
393983950
765330784
387982175
963651457
935955910
327472264
844187073
334385754
964467556
378946091
938130059
987817624
347788742
336929717
834604882
394898746
363519608
372123263
336159762
786287395
977350139
383753383
327577132
969942834
329835543
886397432
947130808
365083944
777477267
988187013
865560903
347539924
946262128
708368964
528268286
812883308
911611326
817644469
916725798
963477130
375847389
944646408
772100652
333121292
946649765
387732480
962862331
914692831
342144134
825695032
766852204
355120159
888101899
392038928
963741914
357664438
976185215
788080461
329677140
397493311
389882973
982778599
964017354
975324592
336431026
375935957
878387903
352772760
367561836
961552309
363923067
355344577
981240425
769335429
344168229
357790952
382620726
387764946
975715284
907575700
388023769
389656300
839638706
835839159
379447856
981486692
384873378
978288727
966759450
704782133
913263779
789599817
345774819
769704053
935819125
389200873
582714208
704680923
332987840
932848335
869974298
909718516
786665701
377854358
817643888
852840636
963045455
867154311
585757161
334890512
971124487
348540684
939902005
338942152
367112484
943889238
789750446
911777321
347051476
329524909
984594658
938623491
866103641
977794053
905251086
357265124
355883636
981669790
966313459
787384307
327028530
787759391
383907560
988778162
388229584
368273995
947188268
919500767
817004787
353927078
356323283
334610451
845114815
914548686
828289218
388893662
965165897
382410143
985721978
344420029
375085306
989909761
783410352
766774572
947607834
989499863
399119558
886340000
945611880
944431908
823152003
865982669
938337528
964789459
794978253
869380474
939804934
372358087
383322460
326428312
917127335
835995172
965379102
394480362
358694899
969055059
936816865
782152396
976215754
773373049
834020042
343810232
772180822
356702440
961097950
399953600
869896282
326468664
394667104
923662222
352212561
343450006
913585746
975116683
377957480
941334097
962610698
965501806
904767192
908349411
328722655
399114605
988883331
963582787
793651291
328405803
865571402
934385758
967183033
389114836
369023153
338800256
865457703
387186986
967494075
907523575
343477441
848350995
902931800
344925580
904655143
971977369
903318187
988430199
966256834
975867850
981767194
333048287
931651367
901047543
989747758
782449357
334749517
332508148
964368622
373321721
865203417
767324115
978238651
375973756
961517438
935791841
826862430
911455251
768484005
336509227
989819846
936850130
344245776
987346235
383639415
964716096
378313365
789746130
385781460
907040152
388069881
973150921
355697881
966750373
923054773
909932182
946443690
342593759
357962138
984720541
393827267
813766807
792607817
988187648
976588681
868735497
339238881
336732009
961953594
964697383
917897932
935862699
868388158
337837182
326465624
867619807
983573760
935992853
384961208
768332215
936636078
984170601
788549697
909100827
932363233
384119222
903694868
983564903
935527502
843533076
933464111
394977541
972779630
984228363
357077428
949878722
906085720
336313020
357984360
766828412
373424713
968081551
964623961
938252122
389265268
982705689
352417093
349991805
931422090
837374930
989466222
906007117
366316989
931529222
987832633
392502749
378513684
966732896
334296825
774655987
346318663
384147063
985973159
947802802
901545918
794876906
948477762
901261550
326458263
377681466
985176105
912519655
397423233
908529946
385368434
915038967
974725135
945532299
932255064
931395597
399397875
387905925
938191525
797044780
911155400
857655768
367763147
967763628
962527845
971239866
365677778
342488935
904357650
939467712
363431322
363930112
353349601
389924543
985960803
359587802
931134359
965436326
935004711
983493183
986063956
978245174
355958402
834403247
947306138
365745811
344689771
968924662
349366516
916124534
976898864
353030578
396360392
964951080
384783775
356573581
859069942
362794026
975229385
862879114
367228190
394176195
964568176
973430862
777067050
856315297
352853705
325447498
382822319
933645813
356334654
348515733
332370814
933627069
366703910
979511306
352561711
337799496
979224897
941014515
919360841
355670814
787615817
965349067
345899620
913335205
703417800
337193203
394741147
329376804
378808728
372158481
901198516
972840712
912406517
359372100
354365842
769429450
332249784
889426545
868617666
333378312
788628686
359455542
796590112
986202084
337129096
858210066
819866733
989834471
797497454
343973248
334651205
398647102
917345749
849325820
334635020
866189563
949652539
336398431
377314529
936269525
394362815
334190407
977501841
355509633
342575624
795031863
934805786
332030151
338095715
972705692
379104193
773387184
902424979
382774272
335952311
767668591
377703057
382301146
937821414
898152636
966244701
962560595
327561268
904063655
702904467
372060559
783909294
379131315
366232989
359760122
357850175
792824455
974689669
918521249
935584684
358901981
775419560
983939233
935663999
774200593
973447681
335829514
983805190
376270919
918599905
859144886
903451198
363024446
372641740
332454187
845003302
965017546
376795008
346204873
398468460
387344472
392611201
379855595
777885267
933009782
796000224
388051423
971116147
835054428
932273528
936193920
344536131
964139302
964797667
356074188
931135236
964280036
911492119
941380372
918160353
378985854
353918991
368373082
384655736
