371085788
816760008
396820211
877982292
816252968
963649055
877068370
341008313
816729840
396805406
816889141
859093103
859894555
357736357
861734035
877323960
325025187
947763807
963648136
341751112
877397735
396279075
972397579
362660026
816542741
863699728
321391345
325329538
877702270
396217491
877832351
963504838
946180464
861010363
369967741
341777732
883170992
861637789
847695585
946022242
861531819
946014170
884114707
963017464
912597167
946223030
369167393
862492672
835250898
859876575
816799259
863076773
820501492
963017785
972163966
861334358
877674804
859002106
325104676
369384911
847992837
369561353
946138111
341302931
816712164
861125087
847954438
963682794
859051966
963581175
884430687
816887573
835678184
883107397
396890961
338432923
820390416
847054036
862220570
884874108
862593066
336824626
816506650
816244985
877463179
369874968
847006653
946199404
836599613
983910140
861353841
816586435
861325919
336219916
863356879
946069578
912545754
983659106
362694414
847085152
813071292
341389734
847988448
847680413
325396464
983753324
877859961
357719145
861019899
972246739
369844673
859885478
378096748
847031333
863300820
359545687
861377150
912413305
357003078
989322144
820831461
884857327
914548425
946271084
863177721
847002146
341408425
325145519
983709589
847422218
396735041
861312891
816243226
884169422
963684131
864221001
820163771
325515174
847066536
341882744
912581143
347965280
338429435
877603287
813067114
357238488
336220488
847647680
972385687
877530760
877981450
369120760
861176526
820310533
357012935
861323942
835237896
396700137
835633903
325592193
341016730
396516798
357723638
357609457
357695058
847904838
341708723
884145541
325387244
946267561
835203634
336415423
325344158
877661576
321340077
862190833
972169556
357700454
392865564
835630569
877204861
884430685
983757681
983702249
847076763
983943554
820358928
946278957
359515637
863186682
357688858
820326725
820354985
341848115
396794744
820565067
816768919
963554410
336758624
983624665
861054015
877357246
862197061
371082605
816288977
883601321
396874436
820345926
863179334
338407983
816830563
392898748
847663708
847936991
859814595
357412656
946165987
347902528
816780344
877671949
325713364
972269584
347967723
963635884
396571671
362632553
341794886
877842196
877050656
912436042
357663558
816886926
983288081
357061380
859018493
877267865
321393354
816265220
877709661
378378685
336215050
341319791
877787926
983701089
877916304
884106714
357711836
972202433
963420421
861063542
877739904
946461571
884183671
946427260
972279947
884128120
369900259
396749022
884186112
861368964
877400040
369167300
816845181
983954716
877129404
341888461
877903570
357654697
847963145
816545192
863381559
852111574
336466428
336282183
369453592
396509456
816512758
813077085
963449014
861716770
877899105
884125056
863342962
813060799
325558834
378151991
863103641
989314780
820302254
862200088
847627683
357639984
816738131
341716000
378002684
877953382
341042917
369943882
946056159
877262098
983871735
835690999
912437220
341082356
884470471
378070900
835346717
877963057
357077574
972238383
859939692
972904464
963617124
859038175
877376370
963708153
378765911
396771731
946085803
325556296
341092443
369946290
338438482
816862991
369954962
863361727
820352811
972234416
341456468
369171506
877441873
862139143
357699494
859036434
946295304
877193819
820329880
835130544
820343583
884485263
820551792
947784213
972392766
883153182
816734463
884124435
816531642
884857647
347956594
347905067
972204962
946497799
861767716
325779274
341323849
859017662
820565622
341378211
861162464
341012746
859904892
877305731
983954795
835624249
847099726
983923807
877928939
883109061
946154170
369931198
972117093
338438758
341708111
863396434
877398412
820103579
946416304
336752656
877304254
357644735
325581836
862137746
336829885
362698114
336551854
369962280
884494322
847639623
336219169
884105274
884434704
877650378
912261239
852108181
341777516
820372773
325525838
877737703
912320753
847646545
877540422
972768516
912099634
852164499
861585611
369912846
912635581
883672872
336238988
369906858
983656891
835221232
983723603
963512611
369236745
983657893
359564591
820302999
859029847
863689636
877327588
963468402
963684017
336556154
813072521
912589182
861183657
336769959
325355967
816890719
816725830
862554700
341079991
835627032
859981669
972585698
325150094
877805712
820387602
847081083
336856012
816842943
847072800
863340431
396808463
946266115
844243797
877704759
877566960
861683185
852197492
972924387
914552128
912598529
847041452
946050369
963572009
369285066
946447309
336839986
963619823
946137092
369867579
883617721
847945945
861036160
378331089
877672623
357765505
357668347
946121570
861305658
912455996
816568349
877067225
883102935
859959588
369293653
835606690
877949103
369839589
877983115
341398660
974277528
884102003
820542974
861355480
963520996
816733050
847972208
877179570
946086800
863763799
341327891
963792794
835396897
983234951
974223618
357737687
357658303
946463840
816513564
371097653
378065695
963680865
883686256
862560807
336559985
820161140
861771943
847003830
371077740
820312639
816283506
863054946
859026709
816523644
378071075
816212577
863034035
835631444
863354737
912062741
877311682
912581578
877673575
912314014
863017951
820135904
357069292
816268085
336210462
912455251
816889901
963703406
946098216
820379313
862176313
336857506
369276053
983218632
816252245
983751522
321348515
884894716
347939442
369896778
877607551
877316924
877501875
983730759
859885620
341010961
877107803
336549234
947710915
946146531
861145013
972778728
859068167
396513470
965772894
963047967
946155194
341458769
357757402
877655574
357790400
863172063
946053705
877202256
341448010
820372588
820395694
859881197
877658046
963547567
861319460
862123253
946141536
972394243
336950154
877742055
378591963
347911669
912590226
877262253
963528659
369319547
859087319
863647918
336499409
341464575
835341958
859066865
378041548
864290005
396798064
820301434
863322270
863489873
862528479
884434970
863688816
852118735
912793691
341824727
861720169
836538243
877839287
974290059
861760284
820124020
863626419
912467895
912479683
847691148
877571472
983248873
877692253
835268756
816702929
836589333
362637589
396869279
877279748
336213290
877413387
861090994
357672547
946073079
341400458
859008801
369142132
859972401
325548922
877925086
877790548
859904458
877666379
396756029
396803449
369296886
847681654
816883929
325370249
816560439
820365971
883632156
983730417
877218954
861001825
847050560
341743635
835630305
378348635
341449321
862548071
863349389
820396510
325156301
816350735
946499016
972221955
859806915
816573630
877260905
859000500
972500562
369184152
369967968
396792102
362656893
983748158
863635649
862198124
378523486
847048062
816768986
877377944
877614804
847957923
963760272
946703503
883171233
877654425
974258935
965728773
369931355
859813050
341311185
338448810
325538533
835626374
963742933
912535837
884145383
884842457
341094250
396734601
362656670
972326940
861388101
861063043
863339242
877020972
357017779
357736484
820576510
863346253
820108973
877142134
863774341
884457610
877220815
963767197
946480512
820534581
877757653
861087583
325184911
946087551
946294855
877997331
946247225
357278745
341005699
357746318
861061335
396766020
946400503
883176098
816734704
861092846
972254189
816545103
820016560
820352859
972246417
859956121
820165850
369903869
983680772
396800278
325568325
864286353
877254420
321323911
835207685
338487262
341467470
861060854
946288294
816396217
820320802
912467440
946267719
816857833
325591532
357600136
864293785
877163151
325508010
983923948
844260379
341392755
820383631
852157607
378033546
336856513
884574214
965752820
972295354
965758621
820374180
863005331
325109252
861160955
972964487
371029665
946227970
816290453
859049518
883172946
847069573
864228153
847051619
813000502
835713205
369224542
883119331
820108597
861526752
847931910
357798723
859059939
847983404
357646768
357767770
946104189
816887791
983990865
341455192
820583913
946456905
983726247
396749737
877113862
347938520
884889849
861190103
859062905
369207006
396443933
816699766
341458090
396760754
859016661
877690946
877309740
877617333
835639354
877233942
861748033
884447454
835362208
816890919
863049971
862167720
835160272
963666518
378077507
816737931
813087936
369845913
946201725
884100924
357295666
347917408
877493003
946043179
369904250
963653756
336433588
862597102
816808185
912511228
816886486
369976431
946111152
820302252
972960602
877500342
852117510
912341034
378064051
369176987
816559378
820105283
816736322
835394632
863638855
989386587
357064577
820802986
341800476
877164412
325628401
946291517
341003173
396800082
861073647
835680706
325024692
396757962
877332591
946675583
859989418
847082282
336992969
357209154
983626081
884851164
884891952
820325305
963404706
912484666
862296591
877629007
357201477
912401780
914529501
859808001
863631677
827492323
912091762
863001572
369269577
972361676
378007969
341006131
325516685
357772469
863162734
336285322
946019473
835633224
965721621
864214107
912425056
336894473
369310182
341391968
946074929
378386645
862971693
847885526
321317734
816833582
359577969
835671475
963762955
983786704
835614304
396752319
336873135
820815484
877975733
827489089
983669055
341041841
820126009
983244251
877209502
359579526
861654131
983728908
983781298
357877532
847977864
972329009
884110805
972239176
847628207
325567226
392878152
972207945
396271550
371050009
341027982
820127316
861733816
884196792
336213633
983737361
341429020
847941134
877768783
392830752
884169200
835325248
877313426
883601028
371056409
341043751
877393763
369345897
816700159
341068224
877790398
325183244
816510314
820314900
972283507
362622522
357037866
946012175
816798374
972272178
816834801
963728689
983716041
965717481
946063355
396760125
378056101
347914051
946275756
835647656
859024221
946231156
877626802
861063735
357048758
336222612
816892352
884138832
862256751
946068458
877883579
325315433
396500660
357871830
336473760
341705339
820381376
912533011
847007084
946014843
859971585
816772752
369921363
341471643
972325300
946290851
862169199
357750866
820397740
820311667
336406396
336581486
861703894
827490533
946125479
847943125
877108883
864255299
336243963
369994213
861005308
946251179
835617940
816594573
336473254
378152292
396561436
965797724
946228248
820353135
861082200
325571331
378742170
983602834
325194433
847993185
864215805
820857610
963688465
371026773
816860350
336598319
847051134
835679550
325112326
884540678
357619881
884192209
362617336
816226471
369966472
861773472
836502067
972522047
357769127
861184921
859905030
983639129
396572016
835612888
883678171
325346524
946494138
835273279
946763723
325595601
847945674
847974036
989396119
947728178
877882748
983648585
946148744
859017590
336268809
396708822
863613179
820145581
835267632
972536004
835214415
877551226
820562000
972248992
861722685
946182160
369976594
396218712
357271602
884159609
989392605
877527760
336483107
983960272
877001237
974223347
946092683
357759922
835220830
877820091
336227274
369328593
983729861
836593162
859086019
877790266
983893989
963669124
816870641
861009726
847052531
847493605
946161684
341346816
835755083
877845126
863087395
972299673
983795546
369386013
816885349
835641927
912597465
336839258
965715419
827474190
912598407
357658547
912495525
816225875
863601275
884809228
371032818
877043920
371014000
369808503
946130099
972274055
325511619
861022534
369826812
369261045
341415387
974280089
816215342
816816561
820513215
369341207
963651145
816896706
863378206
877702175
877161359
378382265
864030797
862155504
820119177
835007511
884143063
983610801
378351836
325577682
963677017
946023946
914593950
791530862
816515240
325509662
877417697
863138874
877766409
766850538
844207777
963648669
906209783
396761492
884148122
963442108
336452906
835650589
877956957
341081786
859038786
341357966
965713678
816804874
371088612
791449313
796785490
946271349
378727226
863167264
877170801
963645352
325093838
378091486
341747971
877183538
347934798
859044985
863300168
877152922
336859583
816731177
983773457
783103097
847943504
766861062
321335682
835338033
816700449
862563110
835352112
877606351
983645514
357080301
863127160
836582765
912568102
877764106
914501293
396582211
861695793
861041385
877144273
946428667
859931059
369156572
336469973
357028454
877310193
321323966
371029275
884808085
702176371
336815028
336238034
396781491
863633013
963530550
946774697
884830591
983646438
946470859
765888670
847698134
325513769
877390528
974221205
912410731
946075229
827418835
862155985
325589843
912268410
378377897
877718401
396256592
862980249
357063197
884451720
820592745
813008923
820199302
357834632
341400003
983740223
325521908
325187313
906171580
912353552
863066180
336201460
396760998
861724902
972248100
357608324
816262972
912590538
813023463
906472803
341059075
369906607
378340652
820316714
835060046
325773892
769817824
863601324
336883241
369886238
902248372
912457782
983970304
863019852
912454460
912081083
341388111
820362113
903999279
946132770
864054656
946036455
863020723
816883331
877746014
396737788
336761108
847006425
863046414
820358719
816856706
863174765
884869043
863357863
877979222
325715390
362688206
863198877
816875371
847602519
877337440
902405754
983228269
963649406
835676830
936487906
946030866
912475825
816703304
371083989
796796355
357783309
863338641
937193548
835307289
983151383
963601698
884443660
336736454
378302412
983759888
983615048
902422490
877232567
702154781
965783421
946017494
776137551
946769308
983932452
357089785
877404900
336835863
325190352
783129918
862128376
847942886
357608693
877253255
983728228
816880665
972557052
703028051
835361872
396728308
325119433
796762738
884108501
983788112
341755965
835332905
369928199
963765121
325629872
341070411
946053897
877853150
336844777
861343947
847945224
816766355
937178624
847986337
877866040
796781532
861325103
336893821
791661497
862432179
701665774
369959242
336294033
835685496
902470694
763232131
847635268
392862944
864246781
357608183
336587111
847693580
934410545
847092742
877149848
946233923
816876809
816718772
909394639
877849512
983648003
816790672
862288569
783639040
703076234
983188204
341399495
859877183
378080777
884139796
936483047
791428809
946241628
796793854
902283002
946018458
791428882
883168919
937126118
378007714
906099540
946252385
934828000
336734652
336870270
877038984
937283879
877626475
972595961
816523320
963466308
877019379
877657935
357607147
972956496
902382793
859983314
859087651
902290570
765819024
847914222
936465338
934079633
912412660
946243877
934051258
336809188
765594060
862960449
912416400
766818550
877961849
906031422
972531741
774080127
963620698
791789324
378351086
357020542
906428840
396573900
983957419
859885795
702182105
791652018
972529719
972205846
378924148
701528728
336833589
378084289
816349058
765868856
861068397
341706022
816255205
934407419
341454015
963772492
844218745
336836075
905877396
972736117
937215232
357208708
934617373
341059416
783114834
877874569
783604633
336881490
369903081
877375550
972544110
325504967
862230621
338406413
791436382
816234480
972286523
847061787
766461304
701534601
983705061
357668479
862128164
861727249
336262713
396578815
884161776
835235696
336231926
835628436
776271928
983792767
766844722
701557243
884149107
934033224
396738419
791682217
847628684
359530933
946044573
972211858
791651907
946002629
859876131
341003015
816803130
863154695
336247534
963480251
909308717
912488419
347942672
341099173
861028772
934641869
847000091
820141839
796760860
765547390
369250667
396767205
946201951
946291842
877060263
906018628
336929880
776110354
877787542
336842029
877381859
859087016
378320151
820509979
884160979
963699311
983218765
341738060
963083208
396700277
883641557
341442773
877611473
972273935
946150759
835386437
396710919
972285263
766804548
325137967
766865508
877521719
946218596
884850464
859953850
813064467
816875792
766752639
946188340
847971163
776651374
937225752
336221531
963767687
863002710
835283190
877658540
883196077
325302097
884525385
396854523
378795523
946762635
766776072
791920729
359554269
776673286
835266330
972394879
946122545
946184138
877762734
783185075
766743176
902443192
820950964
983237206
884848519
816554390
816727497
902401827
357004116
357625541
341486325
983259357
863757080
937135255
783102284
336297486
912409724
983985495
877709065
362601734
702197268
903936520
912423772
946096034
835322892
378060445
847072378
983238803
983748066
934617810
877378850
946294635
341344970
972528876
835639673
378005360
816290576
341093447
341302990
791628332
701640815
378739081
884815187
902458150
912497848
820044496
861048030
946690710
847674500
864044005
902439078
347952317
861605232
877844636
972322186
983607558
703379602
862203866
946002394
816819405
369914418
906018264
835307377
983714241
902264100
859075704
766778057
816723241
864043063
934661282
369368703
835646445
877294537
863327616
877228433
325105381
765099704
703300923
816237961
989385442
861198903
864696334
963750517
836549893
963664226
859942884
325758764
934612396
816801552
820188949
946631982
835233039
861116656
946492142
972545730
877438534
816870601
863607877
903993777
861343617
816775851
816826682
884834787
341003132
325529134
844230626
877617432
902241955
862262686
983937873
972786297
972203699
820386564
877552880
783170908
983977358
963669242
820345320
884162046
766867853
369916048
776185917
816894823
359521467
946138866
341421478
861197110
877872091
877119846
862116999
861394045
820335369
765025601
863619124
905815871
884452000
703374548
884429498
946292073
835371726
357678487
861676697
899709033
325351786
861572786
963698518
369962105
816880570
816519243
835692369
912700229
847978780
369938984
816574443
820093059
903922448
963645035
859882131
847976322
787949439
369962154
972524007
847027000
902409035
861330966
776169090
899858872
378382243
765546464
859097419
369979466
703036847
325151209
847015620
369320964
972240048
783272368
396774875
325110271
859028470
341751355
847087309
963467446
701583855
864246854
884803988
972784896
766711605
835644456
847082349
357679977
862213506
912400851
884157372
369914267
341735841
835209800
325196748
774065218
359511532
859007709
835200860
369311122
835662142
396526579
934690327
701601760
787938698
336252874
369196987
905899220
877792291
347915163
336991398
946259956
827405069
378798189
369969052
378722459
912383434
766164577
884875879
946070427
362660036
965795793
863679948
963674281
378055782
341352388
906908785
359524945
847688332
861758203
396563673
338411101
946216774
847982585
884860932
835665156
357093819
862263034
884471062
884137562
972552069
703328275
852194634
946244453
774055233
847058622
946400705
902290522
369201424
884102529
325106414
884118326
369897645
763219540
847057967
983736569
863663496
701503003
835636877
877952743
783254190
392830161
983742694
883160440
835618198
934900394
357629981
847680727
816500097
859809774
877664008
972319102
325512215
378771898
863685486
912478627
357717445
912401044
983726164
835244925
861090663
359517820
820530903
884874614
877693893
983766808
946096443
835660435
861736497
859098910
906409903
835626262
972542155
937931782
347994118
336813263
396799064
336234876
325195739
877216890
325353758
884826516
336250253
863374306
357733895
336883261
877327672
877683316
836571585
787999707
861702614
321360549
906090627
396789831
903957253
763274698
946003541
369981744
972296186
946433264
369361167
341392568
861150601
357795558
983759655
336846865
341333185
903955769
816794995
774062188
357709059
914561980
371057759
336580950
877549313
702157638
912403001
341405849
902290566
336299223
862524272
946020884
820189535
877673139
906422033
937986496
861553837
765873682
827404862
816850506
983242246
946057503
820372914
903967309
816251408
877896983
859095154
820331281
912403355
362670399
336249649
884191204
816519022
877549524
883617294
877429077
859919939
336221266
783290332
341021115
816295453
902286014
863608220
862558031
325521884
963684299
963723602
816818725
972374180
369104159
835036108
884859722
946021166
852173801
934810990
861034618
946446571
357673335
877587813
820177219
816753585
357053164
859858809
791431468
863102002
877637144
884474591
369202120
835215554
934259973
396719690
877302495
937209393
877319043
972236911
336794001
396754430
369901638
937120550
341301620
369257154
341014823
936409740
357279793
972225071
701675229
884102918
877685240
325505141
396726068
357615910
946256479
859066058
937211345
357796005
972281609
378308699
912494758
816290104
859983630
702178947
813000275
369640710
835217005
835602241
862287660
983659714
877506625
946274642
820597904
864284116
791643316
862183771
816565998
946032916
776276004
847937271
820520630
847088848
820819658
763288185
963609171
796755072
835312471
816213092
946183156
369230574
369180139
963417562
963463931
884455986
863089786
357055776
835277809
827443094
847070689
776290682
946078562
336288629
835292244
816875989
336544689
325160460
820358537
946161464
861745101
862982791
816832376
863395749
820306653
341486372
378969871
877628069
983732960
369133513
820572483
863039279
369887824
912776072
946055067
877960865
877717312
934663174
378338305
946242332
859596618
963747535
357687636
783116656
816283731
357022339
325124073
341420301
325596147
816504413
877995331
847967022
816840777
341763062
378055592
877449006
946253611
763275573
912480062
325151624
863072267
774080924
863088015
983763732
884149115
912449627
983709075
396529980
861038962
884126530
937178856
378319235
974213854
774061872
325535020
877987586
774000678
877313458
972288828
357695947
820388574
820168716
946441460
946256666
787947430
934606768
835121470
835615955
816891305
884189949
378710975
847908418
847978424
983719373
766708787
902463968
396745942
906013071
378049445
861725978
357720536
902285733
338460086
877733977
902442080
765541476
877358291
852146915
796762167
983840939
357797169
963491847
325035308
946070634
859914445
338442592
862265306
816828948
934638697
820540230
816269316
946474195
396796505
963623192
325391493
937905598
816872716
765084091
946000218
341020113
362689526
835624075
357050570
877369590
946422478
906432822
847480370
378079879
912691392
877514887
884878490
884116743
820918340
369947446
325314043
336573287
378318677
937288809
863060616
796751986
963711630
983221386
912754136
963656801
989370567
816742533
336908211
877842067
861785235
884833455
877773098
884463899
947771244
357825731
847073028
369917637
396733784
863013141
341417649
703368229
774055325
813001570
774060831
963411771
983785682
341449090
906065443
336204897
963604232
783271702
820114951
369107860
835216170
852162077
362623379
861549290
864081997
774072205
847042546
877092673
863681917
863016084
341096085
972965737
861347553
835646139
884196241
861073710
864663913
341095485
912426974
813031796
835261077
791617637
859805533
934877704
859924740
378045329
357722770
912593477
983765397
934401684
877348744
884173661
816532283
816779513
912426501
863181889
983994722
369849949
884816993
863782346
791617265
835619250
863759981
816754491
905821198
369934768
369814976
820597736
946794357
972779255
883176873
378332122
861374920
378752878
378039908
341484999
369286219
796743022
859001232
974265161
369193996
946204368
816852680
946093383
776126073
336822454
783199249
937293994
859019497
963576680
972798876
847974419
861360236
336283300
884885879
776217281
946471082
369964353
765536993
859081636
883625577
963637032
835620950
877239655
816744104
836564443
396264525
963671673
703378709
325058777
378063776
877586074
396779250
341095321
341025290
877622241
863357056
946057790
378010298
863184661
325542627
336439972
336803789
325024718
369959608
877353719
325550455
816881335
884457521
816365314
877854725
371033976
820317629
378024810
946061309
859078649
827490114
835668144
937911287
396447540
820512949
912485068
906150549
859809320
336880747
847974544
905852047
357055344
392887466
341355170
884125115
859095937
378756080
861008817
877339226
912478072
336251308
934866827
937907256
912417883
861391984
336453758
816260641
884438168
338419635
357619644
884175552
341308081
963631310
861767722
765076164
863380115
877187957
371010192
357777387
835175565
835351307
946080059
774012698
877694214
820072334
703042631
766145688
835685340
863310482
816783715
884827453
884423494
862539761
325772424
847048873
877580765
877777243
847033152
934881017
336916357
369997917
859965402
934619388
765528673
877112665
912450084
902465780
863040068
983770504
357784253
983121291
862287087
325384364
816837054
859038749
972304505
392806549
776119259
816242616
864648529
983713040
336485075
946473189
776106983
836586423
946078320
884891802
863454635
796791144
877727169
325545457
791451058
912454816
357284055
341076463
392854376
835678922
877662588
847991812
877359244
912409812
820382399
816847685
974259820
820306483
766774057
816568063
783871699
369317959
912471852
835563769
936496976
765094383
972257764
336897343
357734918
357666531
934435548
864001055
378375381
847986540
820040937
912771895
766875480
914584849
847944991
347913328
341434220
909347992
972573206
766754747
357657772
357070279
946025775
863174035
336218061
946118149
877770912
883631682
947751110
820990211
877836077
847974035
836586563
820190183
835617718
763296839
884818013
325323159
378714926
877287962
816289174
325175122
863195650
791462346
884112156
859075047
783132492
396701454
946088832
877570277
816530017
946223044
864297824
341489434
369182848
946441708
336903565
905899551
983659911
820384802
861136055
877098389
820178988
877532849
899711956
863603363
378339120
859815147
906046500
912443585
972265388
847955117
765064526
963658031
946498737
946003769
946026295
820551582
877712695
357238866
946095563
863601663
877662432
946705373
861165962
863607945
862194377
934685703
766867264
820362278
934674251
702188322
378085344
325118849
914520093
369971624
963609630
884835782
392804412
816893037
369946468
877259003
972727115
392868057
963551541
371037195
877745879
847971318
877263932
820546332
864674701
816803085
835605087
816566535
341369294
847933189
766167254
877780833
347918512
816733481
816820119
357051891
765820132
336985289
836513779
816884137
816731332
341047007
863812962
946042733
861350249
371075532
906976464
336249703
884481277
877818985
863151913
963509232
783240990
847996891
946242179
341479639
336812502
396245914
357602012
863345188
963430852
820161616
877164426
816289514
763230961
903945559
861049103
787979740
909361146
357676898
947747683
701528095
396755029
906936751
972557125
783232542
934684878
877234244
936463083
974210882
774048136
766877227
852108478
325566592
765828426
859024929
884429777
341739834
341038952
336286797
765868113
983298136
884892162
859876593
816705000
325364395
884888080
983279559
884599117
703305052
791757985
912413444
946409266
835206497
783275653
835652530
862277207
336438768
983704005
820135960
341891974
787932699
937104428
835252146
835645590
937281929
963620416
983918913
946110123
321329792
877907197
963646942
369992738
336274808
877592041
392885185
847976248
884455707
341051370
336589703
396795934
965780402
983179126
357292522
902432282
983724217
861386028
835634226
877043564
703342811
835274052
884111489
766767284
816724971
983258226
877747149
946249190
820395895
816898989
791470634
847918851
835247165
776284549
341326856
946088673
378332370
912797660
820082772
336247449
859002149
820357830
912426082
863664896
861632440
983768605
963730525
701555833
902409763
847624904
983621714
972701791
963619788
983788594
877553387
859016662
816208106
766437603
947792137
765858606
861577756
972318042
325531513
972281375
983204080
983619111
820317681
844208198
341810845
863343922
835637429
359525311
369942076
884163390
946065187
763285252
847977736
847963738
835361460
937273753
934422654
883175565
862978503
859858783
877329132
963596783
972781134
791415107
989343242
336289282
766121202
703090590
861134464
989335507
369843322
766799026
766866739
813093468
701591131
884159747
947744832
341066417
884188403
336899391
884525250
396701307
847850242
877622307
906050539
765021024
972576371
937248105
983952427
877447536
341764379
906905994
884816827
909374162
934606351
861363402
877157451
325379331
766805727
816810156
884495851
378708487
946001518
861048260
899849660
827452472
701609750
877923264
859851288
884493551
820524679
787903038
325360861
816723733
877403665
912516379
396824229
341002761
859878165
983674668
396596224
902433706
946029619
859089644
862197823
859016605
847907182
965761398
357661306
877381948
884166910
701604315
783215150
362680931
765812382
371077583
862961110
776244236
884495360
325391945
835648229
844262596
847074518
325350851
336233793
877793067
357273602
827412178
820307415
820541771
877720094
378308195
396803674
820341946
909307308
816898722
946117541
359502894
936470345
877161395
912498255
378797091
820509476
791403990
369986190
972238014
357705971
378097602
783229686
859586381
877314807
703321979
946419243
325056379
369373310
703769330
816527857
378323581
859094143
983633253
325574881
863166565
783284301
378760104
791519651
336845035
816849673
371065999
703766720
934696353
946252500
972559686
816775212
378781302
341019752
847807048
783761258
972744356
903921936
816773784
820381431
877770064
859093951
396786940
369975297
861348530
861792547
820196286
946079473
820503848
816819400
937197362
946271602
791483887
341707221
946274849
396245976
937917291
863321976
835796205
703002846
378074102
937962405
836548430
947748622
963644651
859086763
905820955
835331136
884459592
357705969
336826655
847446846
877139585
378041053
378396756
325155797
963624058
946243769
946668211
963731215
859003351
765009736
883642705
820367593
946231640
864208523
325015277
963474515
912454008
946493429
974239839
877391192
877787662
847983199
863078031
934418190
776204738
378009732
816733852
776135903
816515091
983749495
847962335
783175869
912246084
983781287
336506100
336202889
336275083
912578245
321318624
357745017
338472452
862513521
787921239
813075140
937199086
783296327
325638044
787933865
369925821
863151349
357233229
983865160
983953420
937181276
341306642
906951206
861525098
844259626
336263404
877312967
912409181
378915982
847019729
396718992
877553551
369381330
877690008
336427563
702185206
972261506
847898579
937254496
877562563
861329611
864042210
946003836
877637110
703308558
325341994
765873970
816815796
325573923
369275853
983917888
791408125
703062551
877552897
378744398
703080565
774026709
341329238
877526532
835643937
972254337
820384322
816256126
859040283
859014773
877773887
341063003
906487868
963420046
972506526
847685696
912449929
703026727
934645715
934684457
946220826
934652560
357662501
816727562
357730844
336573027
946238701
859004750
861632171
859041988
863617962
325545958
847604122
862115636
359548638
357685300
909378504
835646245
859003158
378586698
325124588
884104551
325503866
847644745
392840866
989329000
936463577
776125908
791690243
783287138
937996376
816568184
357037512
946292393
972742697
863047290
325527445
877272070
378977681
912035636
783119986
325564704
341748106
820150206
325789643
844215175
392867160
864033829
903941978
357690439
378936381
934495729
884120158
791445909
934859909
937217259
847495924
864006918
378744011
783283298
946262110
909342103
816555444
906049363
776284991
946023293
396782371
369911516
341397920
972239644
341412456
765595695
912565747
983251921
906020642
972383605
766877446
877034094
392899771
816587420
946286345
877893954
974288938
369807854
934641134
861779225
972779984
877334786
791721156
396594066
378053608
341373331
863038434
325520613
336227936
835626365
946021407
341379678
963565192
909318871
820941378
902260164
877571275
936434928
905854783
783242655
937104387
357768489
763202420
820373024
347965099
836552372
847805426
791424482
378003436
701696962
934645308
396251197
765905350
765022901
787962667
989302777
937960664
859062048
325324894
912537712
702176314
357647410
862184389
776679959
766478486
862195478
378085515
983613455
396820035
861058869
877016651
946135983
835221208
766857711
861616497
859914055
776127601
835662512
357008701
396535476
884465835
934488665
883630132
702143092
906033027
325112773
972268168
396733175
396216960
378793424
321377761
336821963
325579530
884467348
937198620
946473592
877585600
835313051
816303342
701658186
820170816
934672298
877551209
341753232
972297668
946098385
972294697
983948927
835364652
766837696
766774563
766115013
796739121
852168467
359577566
983756219
371052282
906979412
937169832
816200857
787927734
906299101
861736294
946221140
863409402
701569202
396826067
369901869
325348257
877512717
378032750
847062101
883680098
341070722
946041939
325185985
912473690
336452333
859039487
816891942
369990913
863635399
369957743
816769081
884177584
371058812
902422629
847819821
884187836
859006933
844218473
325145721
946151249
369874550
946018740
378771653
989380304
816805449
877378585
816806740
877376854
972270519
701685108
776210402
357738163
336449326
341049116
820148885
852156906
902275322
325697051
820158379
877473112
883149547
884540944
861758285
325171264
776146527
783235107
963614964
862920486
820198271
816629013
983218296
863313966
703786521
396709627
934213064
972290689
369299018
983964798
835282667
906243105
946083318
906954597
820315090
369907517
369909926
776200753
766137454
816787520
877701676
341043723
847639133
396849171
963773439
859908012
827473399
972281263
884465316
357206484
816286287
783247847
861157902
701641086
787943039
946202843
983270977
877914232
937956800
357232340
884194739
341842825
783205277
946720878
983231594
936433075
946216866
378023189
357753697
369305053
774071640
341367017
783155376
946454654
336403636
946206813
369982840
884401029
974253350
774023202
902499373
983778850
883640773
906018634
703017167
791656393
325573542
820345603
877391306
912334624
972390707
357756492
934239984
325557528
336828477
914560158
884106644
903940521
371018110
325192775
827441351
963529347
877308740
877403673
396532926
336863404
862413214
816203198
859562415
378791996
827468592
863086504
946439525
766139080
946216522
983632420
983700470
816586856
877007007
877896888
847699843
877909509
963524838
861166694
983781677
847036324
963526318
336481304
791697166
877669458
336822343
765869833
909362945
862526370
963668658
934487797
820510784
963632717
763272507
820872967
341067448
862143055
863145932
963569209
863107745
877920424
859037386
341089742
937239618
877467242
763203677
963647280
859848472
791444081
905812347
983658046
816754811
863733780
877697596
983149599
341088179
791600337
936460195
883656139
357814226
820533956
816638710
783144701
336812468
816730792
864652882
864206444
820503436
820396353
791467704
766833683
965737866
369926435
766195547
884192384
883135467
816566771
963688646
972293634
877973418
325589721
396756507
946247212
946264808
336828946
820963937
703368749
341767518
936436931
859094029
816214641
877106751
776282411
836528151
863092903
847626336
357870128
912512344
859027692
946485189
884173859
341347304
974247524
937239409
934696837
877578330
776267577
396794219
965756608
946282141
703030163
983970755
765501153
765513101
863016204
816512054
336291245
877144473
937107376
972210733
983284045
347981613
835225004
877656983
877676818
863316536
787971549
369811560
903910601
396594939
862411082
347969590
972241534
791929272
321301548
703001705
378022030
369986390
820346872
336959973
820171481
877917141
884812033
877300639
912536510
902470951
861716892
877595489
336871316
946033521
336810621
847942842
859817969
396746661
877721592
946173433
963595762
378919896
912339224
396592480
816225558
816739958
877213385
325194645
861155700
862461310
972281673
816823548
378902951
325169539
864257916
847974936
912585724
847043326
359558462
701650829
864211300
357687171
937988853
863766195
989389395
864642452
357673514
369973096
877553852
341483377
703062852
816861098
863004268
844276050
983666616
357699661
796722774
883138075
859960351
934884056
816785775
336555652
325707300
934834077
884106109
863663694
861089288
983860976
934617327
325171650
820303813
906026988
765031507
914586794
983706294
934405714
816809089
972539184
963709238
934405090
341438282
357219365
877849538
946186901
909346810
341346854
972285867
820532635
906986838
863077849
877751261
816890738
820186828
863670754
820178739
341307220
325367229
861122181
325171939
884120570
884106259
325000206
336425107
965745067
765568504
835097876
946208540
783281564
972572154
835612605
369890351
392861232
336439365
816857132
877081995
336282286
813035627
963635072
396713747
877672777
835169387
937181921
341014554
946205142
877791284
972532753
906495208
863390081
325110492
357625745
378776215
877240559
884128963
338483668
864624583
859059118
369831075
906962156
877437917
835637282
972294741
783264127
325197451
341875725
325721841
378085572
946252842
766455169
877795440
859041902
963539580
937124885
861196899
972749814
863150697
783196085
765521693
341087736
862159750
877690304
883681361
371072670
701584196
703314602
336299779
861712472
336857238
378359697
341768504
701662369
369125660
844263702
378346603
884442551
884493421
863626758
861153754
816690239
859859821
861676520
983945727
341342326
325153133
861764794
816708357
884498122
963498206
336426014
783287268
701570733
336839044
972592887
862162217
972774549
864007245
937986744
791624776
371018259
983217152
783676468
859074932
369867880
791729624
325087135
336562593
963636089
362604133
972545677
877485060
861068448
321376776
864069877
859990561
776134109
396425870
776275594
884404269
836530475
906088104
765829734
861008638
937950590
325129554
847932873
877845540
972737798
765078414
912655747
861104861
963418293
359570069
972973949
336748372
983703039
816850665
861133100
703738563
820128739
791481254
863332630
325164411
912226664
972344154
835395300
877903261
357209132
862202671
912478321
899751624
357678050
963629398
396502184
972753656
325111390
963470006
816844550
820193796
783154232
877434356
336874061
863628185
877609195
946060539
946699811
336248749
946296766
877325967
859906983
702193845
861088355
776290227
863603254
325585467
946402961
766838603
963662086
369970866
883102824
357840123
946226710
369194664
396814141
321315150
946037160
877602633
862561961
877869557
820182268
877329236
835610420
863327926
906177928
357275316
937162812
765024531
701649325
336864219
336654237
963516175
359548162
835686224
791494177
776219306
703750983
820507996
847943958
983214393
791970053
369953240
796777211
378779980
341376214
877533815
912433623
877988510
392835916
864203509
791494629
847625019
963474803
847030956
884143379
946032172
972534539
847918363
369187253
862273516
766183423
369273213
912412183
912438180
877815374
963628483
369948615
820047482
357661693
877167521
877235356
946452980
912479129
766198777
861114973
859899349
877685978
836534962
912409985
912500941
774055894
701536837
859015196
336205822
963054484
847971808
816872869
336882759
325576038
820106621
946073162
934623972
371048987
877343492
341308680
816847549
847061127
877233161
774079284
906027522
325565463
912487721
357653123
963640195
936496353
369825022
877277379
336209158
877094644
357953410
774071000
912560548
820556008
816838206
827484420
776213784
816546925
909361674
827401789
863357775
336232866
378069510
783298556
357238060
946402271
963619815
766726866
946481401
835695128
357616521
946107477
877311126
392833105
863699784
369992315
972236522
341405054
877966756
765794799
703083086
321342990
321312529
912575903
820321720
983749856
336496718
963735521
763284823
847446044
852143629
325180498
835305814
914517731
835357240
336211374
835609406
359532362
357614022
862277187
861527913
836504012
936450050
357751356
912760738
863197690
816253627
336931210
972312718
937241848
905886395
862457552
791626484
378930981
877989697
983235054
847848650
909387936
796773465
877817388
902231487
936474816
912688514
396554429
776167866
983754367
877919095
816738753
972539409
783238425
378079316
766177501
877907774
378551206
357715701
972131331
946270825
816246683
816726299
877042379
787907213
341343548
863694609
914589188
325519252
963729212
877360822
325529842
902408407
341351618
983694178
336278055
983780330
864223345
877687066
816293252
937170860
820359782
336667643
369416639
701578599
884422526
816238089
835322900
877509914
859098285
859085879
912760092
396293683
396710010
863689389
963615236
357293861
791644660
983212550
963673166
912416848
861030965
972592256
783214957
972547302
357076039
336817076
877619557
946446677
701512272
820117960
972710362
863056607
862562486
396228716
341353355
357002461
963492112
877846857
791464753
863098550
859943694
336728303
934616473
983788873
816705342
820941005
816509931
884183762
877840816
765568908
983242547
396703587
378010978
835260585
347913396
392871412
321355799
341314083
816566466
963617885
835345182
766758641
861065953
983291368
862543218
325395332
883626581
877422019
702123271
813048973
816204911
861096914
820535388
937204552
396760419
972322829
378005475
963771676
974236959
357796815
909310982
862975767
861027352
877736545
972769336
847927958
835603434
357223005
336549814
396551409
912473109
965701363
359537671
369884230
701535623
369892308
963790868
835664956
859011716
325102566
852106466
883655467
820142075
336961458
946486050
884847395
820388970
701557731
835398261
912515030
859958102
912481457
791434488
906051849
877533503
369975356
946225815
862155463
765737849
861074656
946468409
378071985
341156639
884193915
859029224
934905133
974294352
357722100
963656165
877831009
816267945
835297746
336926173
325116956
965730954
392846645
946078244
914507054
946467341
859033541
963731795
369808998
877191267
963638445
972349770
701682522
776104085
791761540
341008690
341085805
877244997
863647180
847079478
701567714
859052120
861045670
877564299
863020675
347925281
763297305
357072447
877671280
791620245
396461410
701596870
847654710
902425278
963651091
902217720
763849797
369135889
877068656
321351087
863118354
369945269
776282754
791645916
820327042
963498349
783184246
336851913
912406325
369970944
965726278
369203267
835100258
338438296
983756193
877841628
859901569
912431731
859999988
816832610
963439207
357734292
864234010
862202656
341329277
769852816
946074241
847015472
847916775
859836818
336464026
877277305
378729156
963683614
396865614
369878451
341359302
820067612
835123628
371026209
946713282
336273095
946118441
396891457
934614462
974260373
336886311
362649365
336274523
816863074
852198873
884175656
864215298
847065222
884467584
863671911
983967589
341781796
796705189
877900641
816786603
816894014
877755913
859076897
937166184
884821343
369943698
972221658
906916736
336504286
703095418
963499819
934843843
937986447
816818379
369994737
776264127
909338375
972571160
861338388
341314985
912477032
336857644
884197256
378062664
863623995
912554543
963433594
338432517
877656170
783137305
934887358
703393961
796779827
816884445
862517097
884122892
357770134
877733051
791673742
861081170
701655158
369297725
369945281
378006953
396506223
934667184
701552590
776210544
766437402
934620502
835698660
763271804
877696804
859067260
906148754
336937445
946009164
877063466
983230094
396566470
859012149
863640534
946022310
937229145
378754650
336509243
877630042
820180078
791430364
816552104
972552771
835659332
378336947
816859149
325139313
884489505
909307474
816558329
816882490
946283093
877816138
864663120
338437775
336933353
912293186
336597727
783112832
701536699
912421369
341036546
336594681
396705201
336982198
963773602
396742751
946127454
325082268
765834768
378011778
336811010
820373035
963650814
336244996
766855883
884130815
701503920
983682518
783135315
835623719
369986325
946157488
765858681
396296511
816890126
701645885
338448087
963772937
787949163
861777377
392895065
776167978
863075195
909371431
861187319
378344822
325503409
766768550
369278109
325134363
396781175
820558035
862416969
877372183
965777192
946484533
844278846
936427100
820825546
765032625
369998356
835288667
899730952
396825338
378015063
934643175
766851948
936438345
877613143
963625506
357663548
766860394
877051774
369974514
965766697
946080794
877006466
816247638
820350624
883663993
325133093
357782673
863340798
877327327
816534447
357061561
835317472
835203541
325546300
835792424
359553095
946061444
378786141
783280975
325339376
983920873
357699005
835363767
378042764
341849418
974270454
972261954
392812697
783166699
796783293
   
844252457
325037788
877899442
336207272
336816816
325548339
847042661
877271238
877663687
947798392
847996316
972913393
325142653
859813966
861180776
341485879
862582400
963420042
336856213
816380384
336260040
835655664
877825148
835561914
877019611
847861466
820150145
863106744
369372926
336417820
835659748
820123983
859064317
820112902
341314340
359535443
861059920
912780342
392809022
369914421
862536047
877113379
877043015
862502159
947707372
835724815
336802725
341307903
847650304
847012424
859097718
357291402
847612017
983773168
836579746
963649900
336548828
859025402
369298829
877800720
336831411
820366780
861780762
963671951
835293481
369203068
816240000
877682539
877251756
336903842
884166502
816700482
972241514
835346367
972280730
369986741
862108919
816839635
946687376
963090066
983928054
972156156
859002950
965775265
820580726
357641937
325105184
884154670
862545541
983943213
963456607
884140454
369139712
396770551
341311460
912446493
861044377
341365184
378764854
835670478
338426063
820983108
974244773
820517935
341452518
877616442
357255217
963484388
947748012
835639438
396824938
336845393
847988875
835684080
862531655
863070842
835202365
862532076
972559223
835230448
357705979
378991063
820384355
963730619
835226106
396833492
883120898
946741650
972594412
816724185
884823130
859983755
983626885
983694074
341318068
820924707
336858165
972277752
816882514
912557518
341897719
835359106
359515956
357666536
396814082
820356514
820553299
396811950
912473450
341455409
972592252
861087369
946007675
820580436
877051961
847941157
378374909
863720196
835782442
827408709
877748054
877610181
912435649
884199947
877081120
847932379
378383850
338450266
883126529
847924567
325591487
378080339
883168094
321325525
835351844
396787059
863347653
859089219
884116188
325118735
835660317
325697546
396792690
877509791
914590321
946299972
378375597
859927344
847047115
378086714
369927492
341386868
877821923
963553441
983717382
835261560
862269910
396507523
378344555
336462277
341380141
336241451
844264623
884892509
972217877
963644245
835514079
835218027
963463272
859826124
963705113
820354016
983202610
357068952
946243793
341068470
861086316
884484020
325529607
861740512
816558831
369906506
847900577
862252585
847972904
912499172
336463209
847907282
357673088
946081215
369935129
378718392
369942515
835669103
863380047
864015415
369505401
816207598
884889100
861195189
972157317
863046777
877421694
325116823
861776813
341395866
877705334
877605753
963403979
847962575
336234629
336706210
983767770
844293528
972300480
378311930
877264205
859061844
877008598
861080180
861350439
336822192
877251043
912780638
847975667
396715786
847954360
877746734
347982369
983642380
972511434
862595206
859086511
378970910
847662025
884181567
820581976
325089975
877152306
972711613
972765022
336270156
963719311
877712920
983785747
963680854
847971289
396544123
847933177
341331315
983626090
341773741
369306987
369270526
946267640
946727720
357769407
861571594
877373654
325560342
341033977
863750422
813006765
835250749
816848346
321375738
859949442
947713031
947738708
859018173
378303229
816598413
877156284
369928138
861079045
884825814
983685177
378003663
983228844
325031494
359594980
847972674
835691436
963645886
946452203
946135522
863793984
816720832
965704052
963662891
877914450
983928542
946781599
963009283
341305520
336810816
359592653
884427352
357048541
862572020
972109951
884490922
864249480
392845103
378077208
946167734
341350200
378771290
983799261
341752652
341089946
983625081
820535228
321313498
861527067
963655549
861043156
816706006
861083365
820348753
835241854
963535204
325561191
820502518
859039201
378383295
396772876
847957857
877215066
357699668
336880198
946460743
963705320
835554361
877782139
820326362
396783644
972217193
914520951
884179182
877774395
816843130
336866239
820816408
357778410
835251458
983615250
859517416
859081670
347915069
861762360
862162735
963696912
369143940
983669130
877717417
972211514
325373960
863804512
862920383
972215940
877839756
341079417
341017429
963572156
844231917
369208655
963634026
816710783
816222533
357057494
820323286
835396340
912581944
946264015
862192765
912400351
974205600
336815776
338435700
325129852
877242310
877775236
859919945
963548235
863126157
357655451
820534211
835252608
877234666
862957375
861152752
369264755
336972218
862961104
369374938
341397178
820518412
884128780
835712813
359553916
863669590
946033241
884179469
341034837
862489744
369143936
341302587
847686905
884145971
336992113
378015533
847015994
859941200
820300985
947761449
847965779
946056496
946229446
946422488
325141031
877206930
357231925
816801366
396843503
338497618
369351589
336450527
884457116
864040281
946462801
877456481
859046071
884893339
820981051
396769063
972753207
816543641
816709077
863332711
357688889
861765435
859015586
341091828
859950601
816215222
946120274
861104774
369273279
861076284
946108343
820303177
378750485
816810689
820105134
357742361
341123170
816293632
884110735
325594565
836519729
914551351
835203297
336292856
827434223
321379782
359573374
820326661
820501729
847998134
357730110
884872381
946421298
325173658
877901700
963745125
883686366
357237041
946033206
396895802
369945966
820103181
963485282
877380707
341847807
963735744
325156245
336206638
912409638
859059508
877976449
847633545
877996002
983833853
972183662
820574727
972296859
877779189
884850691
983757777
325365609
338441150
946083984
852132733
336434643
844282198
835622324
862561162
341324460
847976783
835536929
963721232
877170678
847614714
357651192
877311291
378755456
816728393
341369564
877032300
847674199
847635707
835235145
338493458
325166100
983777493
877509315
877130137
912485163
877758124
816545488
972728946
859040057
946252481
835371535
341490556
963611366
369988047
983656505
877052011
877203139
864206323
946454563
341399794
847075028
963499718
816789945
972598992
396551999
972197863
357893011
884869025
336584109
946294632
369144847
863353071
820129813
972359247
847022496
972716713
816221843
835005733
863620593
989388756
912213192
861590299
378075909
820364347
912013172
946043752
863078614
884831481
835687550
816271481
946172058
963641943
884813134
820162121
859855107
883112304
912758543
883691970
884808505
864072957
844257288
877555748
336467179
912434615
816562728
396760163
813096237
877424506
863192987
912504723
820586768
362636128
820332455
983695065
369234051
912697975
877765576
912734028
912434594
883661999
859922392
847049942
325391209
863075554
341065026
884858149
884873035
820368120
861365460
835186782
877479021
847664379
963042948
983967848
341396593
816265677
946067494
946266009
972229922
