861697882|
883617103|
827428995|
883118173|
852117367|
325686202|
863785182|
844276422|
827417320|
325704011|
883648115|
813094050|
862457222|
325798337|
863793066|
852141996|
813036717|
836529359|
378547196|
862495123|
914548374|
378513014|
861631246|
336728790|
972984275|
844261860|
341884508|
813009850|
378556960|
972103563|
862446570|
863779752|
827498611|
861599817|
836588074|
325041902|
861519472|
947724483|
883609930|
972952530|
983187922|
883199138|
827467773|
963009831|
947705311|
883149266|
883139691|
883190272|
861571416|
864642305|
378963783|
947719954|
863788952|
862452449|
325005266|
862400885|
972977692|
836578937|
861543575|
325046899|
813060835|
852106611|
963069603|
883620914|
852121744|
836552921|
827466538|
947762895|
378929275|
914537835|
861637652|
972127471|
852158630|
852128254|
863724041|
378968087|
369332519|
972182124|
947745632|
827423952|
836515591|
836576816|
325050292|
863728227|
827434856|
972161647|
883645414|
914578816|
827452751|
813024387|
862471887|
336712756|
378930165|
972133419|
357846002|
836512919|
369341758|
972986210|
861536276|
972908744|
844214442|
972951172|
863749055|
883141719|
914576232|
852150248|
357896457|
369319629|
983191847|
883129413|
883187738|
972113219|
341890855|
883696617|
883183342|
883621146|
883656759|
983178737|
883130061|
852188007|
852181759|
883189530|
852124821|
836542752|
862403789|
827427199|
972142366|
378549973|
325022229|
914521616|
963010225|
836594721|
396259258|
325088998|
836564341|
813044894|
914539407|
972149231|
883188525|
827464565|
325009747|
883121197|
883625423|
983819976|
813061656|
883155862|
378566493|
883142685|
972945202|
325044918|
813035528|
827446648|
378538549|
813034805|
963078251|
862414366|
836514845|
336761553|
883119438|
883164909|
883156347|
369348223|
983176206|
883167727|
844213333|
396241536|
336752352|
325787157|
813090170|
827461290|
963084691|
827401990|
864649472|
963082888|
378920932|
357842676|
861635895|
813019238|
844225434|
357821225|
813044145|
863766301|
947783814|
378977819|
369383876|
947702980|
341816393|
827475300|
864672349|
861689884|
827446413|
947715500|
378556057|
947706688|
827433795|
864634754|
983820575|
341823413|
844205686|
813061572|
863744358|
396213141|
813003888|
963037463|
883116629|
972909469|
827412164|
983883760|
396291870|
827422342|
861685661|
852108130|
914565782|
844252819|
844292599|
827401205|
864666837|
883178949|
325695091|
325006940|
983807943|
914531734|
396247090|
883126757|
861626485|
836594021|
813061870|
836568285|
914512560|
863748918|
983855428|
813098899|
827490701|
947756640|
983862619|
836596340|
983893831|
844275180|
325004332|
396250679|
836517490|
341823515|
852104850|
336769733|
844201021|
852115813|
852179076|
325692989|
827495183|
861535122|
336717270|
827487482|
396296416|
861686484|
972930574|
883681471|
378922663|
947732713|
378956784|
861600098|
947761180|
827416147|
983821011|
844274917|
983101466|
325701938|
844298144|
336701053|
813067190|
378945832|
852136473|
813053617|
378979848|
836519435|
378980206|
863753821|
852138791|
357847108|
862490451|
325077474|
813067284|
861601594|
325606155|
972145392|
983117202|
883153460|
325755408|
864668819|
883136665|
862432180|
844257310|
325771415|
813070388|
813062008|
914507707|
396266224|
883175607|
861659196|
914573588|
862472186|
325707232|
844277854|
863756428|
883621782|
947708899|
844271085|
325657995|
983157854|
883124667|
325604674|
914516024|
396222679|
813097634|
914527222|
813075245|
883143063|
862448216|
813029821|
396203740|
378948841|
963017580|
983183369|
852122131|
378982094|
396265259|
325718129|
947729957|
914580896|
983192714|
947769459|
963033091|
864644496|
341823468|
883682958|
963033686|
844218844|
914542381|
972134351|
844229101|
947782161|
861542761|
947721595|
947786638|
861668476|
883696215|
864612043|
852173892|
972919823|
396267345|
844284458|
378918269|
883662901|
972146696|
861578972|
972952568|
325616696|
983844523|
844218111|
836529879|
836533417|
852114287|
972914669|
863736897|
963021707|
325756404|
341807917|
947777904|
325603427|
369322976|
813058501|
844200535|
883186987|
813048242|
861651709|
836503064|
396225258|
983151781|
836543848|
836582051|
983113136|
972921193|
861630985|
862463918|
325738444|
378925582|
864693824|
863721218|
325743942|
341884544|
863797053|
914511347|
862481957|
914537969|
883130887|
852186825|
863766103|
844256161|
947743169|
883648325|
883163419|
863777874|
378928062|
861518753|
336751556|
341891543|
852162512|
983134773|
947764587|
844203183|
862470903|
914548925|
325649154|
827481531|
861646214|
947728112|
983879214|
983803735|
972166990|
378545433|
813022324|
357826421|
914526733|
325035452|
862448651|
861640776|
861619457|
947741045|
914557229|
852119019|
378931459|
827453465|
862494236|
325041678|
947756563|
369355699|
883668035|
914580644|
813084557|
836515434|
983822697|
378556627|
336775080|
813052240|
972930438|
861569421|
325654195|
378541373|
861557915|
813067272|
813080386|
813031450|
947739972|
336788296|
963070886|
813031065|
983150921|
947734675|
983161043|
325690132|
813050578|
947791707|
325612013|
325799693|
844235478|
864669018|
852143974|
864616702|
827445286|
883163284|
336778219|
852188364|
813090033|
883638312|
325046367|
963057438|
357871061|
852138092|
325076277|
972938274|
341883245|
861518904|
827428614|
341834889|
325039117|
963062135|
341856302|
972956926|
827426314|
947760585|
852177727|
861645228|
883114171|
861656106|
378571414|
983811195|
861586194|
852128364|
357868241|
336704798|
864676668|
836583954|
883699209|
862455624|
813061346|
972917903|
396223401|
378527036|
947762444|
861623996|
914548239|
357841747|
325729511|
396247774|
947704894|
341899091|
983898970|
378554451|
883642055|
827496784|
883121556|
947775237|
972923972|
914540780|
947740927|
357874912|
836576902|
883604824|
983138378|
369304065|
914576784|
378970810|
827475651|
325650125|
862417755|
972905400|
852182522|
336751877|
861575772|
836501797|
325660558|
813001587|
813039744|
852173953|
864672107|
325775734|
836551571|
852141778|
883606982|
813073909|
861537513|
883627391|
914518831|
369321355|
836562500|
341871079|
325642858|
836565783|
972101155|
836504224|
396273146|
813000262|
983148848|
861620467|
883600457|
813034823|
863777707|
972931549|
827490466|
813092154|
963055374|
883635396|
947764410|
983168670|
852180123|
914591561|
836560845|
914502732|
325781973|
852123097|
396266775|
914543358|
863721307|
963027220|
827415210|
813078163|
972969659|
883108204|
972140275|
852161114|
325088178|
336766338|
852186618|
844234851|
336708652|
983157768|
844204949|
836501841|
862492366|
972933779|
864685311|
852195172|
861533702|
883134764|
983117006|
827403606|
864600478|
972129232|
883619716|
914564591|
336792747|
983847664|
852117419|
947739887|
844264567|
972961001|
914541850|
336729237|
972937479|
983893284|
883138095|
396294406|
983147751|
844268849|
369391764|
861539332|
836548154|
341854636|
325045495|
827437060|
972981878|
863763972|
861679597|
325657784|
336790106|
325781631|
852168804|
336708229|
983811797|
325048583|
983157836|
813059295|
883654029|
396267256|
369354836|
325012537|
836582216|
972111846|
861654702|
325036938|
972179253|
963045887|
844241544|
883139682|
813016085|
947718575|
836538098|
864687289|
864601992|
341879224|
883197739|
813050592|
863723821|
836551903|
357881809|
852112922|
947783406|
863774993|
325000025|
883155786|
983158795|
836551315|
369346995|
863765005|
972982411|
861539779|
852139776|
852168613|
378903056|
947708856|
983800222|
378926074|
883195983|
852116861|
864628799|
852108802|
341893756|
325625864|
983853954|
378564589|
336790004|
947706452|
378989893|
883136674|
862417498|
947723239|
836559389|
947753844|
963034132|
378520888|
813017868|
883161462|
852178254|
883109642|
396258620|
983154115|
357846769|
336737160|
844217515|
325735363|
863708042|
863784003|
336795867|
852103635|
341822994|
369324394|
341854411|
883145250|
864690616|
852117400|
861593739|
864640255|
325775649|
963015267|
357878818|
914520122|
852175565|
827467974|
983125722|
836598642|
883686435|
827442062|
369362493|
883146624|
914546261|
844238289|
863726284|
863731702|
947731366|
813047358|
861567528|
325725740|
827425248|
914598278|
983886927|
963005392|
861695743|
396230947|
861671448|
341854619|
325652308|
827455545|
914548613|
357882467|
836552580|
947739066|
325679111|
983887443|
844252730|
983172514|
864691149|
852142188|
844244343|
852114737|
852187368|
813058185|
341846515|
862498652|
983104673|
883159856|
947760976|
813087119|
914588811|
983851950|
883624928|
862422073|
827423011|
914579381|
844257385|
827486570|
972920765|
369301625|
963033479|
341828313|
947752145|
947765894|
972119949|
836547359|
861536577|
863781454|
836591797|
844220344|
844282545|
883106745|
947796361|
325739516|
883640030|
325021957|
852191077|
341828648|
844246656|
369379931|
852126904|
336714760|
836595873|
983156072|
813090034|
836560282|
325081552|
325739962|
864625226|
369389427|
378917094|
813083918|
844286727|
827460165|
325687054|
863740079|
813018637|
844259634|
827497126|
861619025|
861590036|
983815346|
844229684|
883134930|
378591363|
827416497|
883646980|
983199049|
836540886|
813025958|
914510852|
844262340|
883136981|
864654932|
852166852|
972115508|
852174342|
836573748|
861635145|
864625519|
861674557|
883602803|
369336535|
325011468|
813035065|
852129618|
983855680|
861674658|
883120767|
844289723|
325623978|
369372763|
883653972|
396268068|
325082750|
813005091|
862438062|
864629809|
844250844|
844299910|
852172874|
341877929|
864698457|
813048071|
972921994|
378528020|
827445389|
378538918|
827408410|
983157389|
378589697|
836551113|
844216428|
827445995|
852151789|
325765106|
883166243|
883104781|
813087574|
844228128|
972942175|
914515381|
947797587|
325611927|
863722363|
983802561|
325771776|
883140218|
378575933|
861590246|
883197015|
864663607|
983872109|
844235791|
844284927|
863729053|
844231796|
861608970|
983194661|
947711785|
827417561|
914561442|
862480701|
914536710|
836553019|
325622709|
972111235|
863700916|
983160284|
863792448|
836586012|
369307060|
836587218|
827472218|
844266847|
983141277|
947748566|
836596657|
863747543|
852104979|
947739584|
852109658|
341870918|
983122763|
341809887|
972916972|
883180218|
325026369|
861678211|
852185242|
325066416|
378987392|
369357623|
852182512|
914577727|
378562280|
836591301|
827484848|
357801179|
963021324|
883627460|
378587354|
852146011|
861517194|
378948432|
852169540|
864644393|
325674530|
827483546|
883658515|
844287411|
813030320|
972979463|
336767779|
836536448|
852123774|
861583261|
883184210|
827492965|
325036103|
396252224|
883617930|
836554241|
341809041|
813066983|
983199305|
836557161|
914578668|
852130596|
325670164|
983137403|
325797819|
844269901|
836577298|
827458020|
864638210|
378915581|
883161987|
378523685|
336797455|
883670975|
862415362|
947778124|
914589462|
844210716|
883688688|
827448746|
972193298|
883108839|
852122125|
827426013|
883122669|
914530640|
325790564|
972963444|
862490869|
861578372|
972119670|
861640338|
369314787|
827499233|
883641175|
836591663|
863750232|
914553510|
396212857|
836565381|
325694755|
341872352|
336710069|
963044424|
336767783|
963071841|
827400852|
844206649|
883608170|
914572976|
378990116|
827402294|
813021294|
864671439|
852190988|
844282248|
378523169|
864649113|
963072841|
325742318|
972153824|
836543073|
827479055|
947771184|
972999843|
883104362|
947790029|
336738541|
844298565|
963074738|
378903137|
861528023|
836544260|
325075546|
972181832|
883159123|
883162921|
844248719|
325062194|
947746917|
396214854|
844274951|
914547559|
883135137|
883174422|
827407066|
827494170|
862485346|
836557622|
325780348|
914510422|
963040756|
861686579|
325670296|
369333844|
883632292|
341886026|
861671762|
947757792|
369389540|
914550675|
947774134|
378918806|
972139891|
883639744|
972969803|
883119477|
864676622|
357856499|
883184866|
325615916|
963064770|
813065940|
325731603|
852127812|
341876904|
827481343|
914528085|
813019550|
827448006|
963023013|
864657359|
325622144|
325786293|
862471620|
325667515|
947768745|
963091246|
336707191|
983861777|
827410080|
914586023|
883635516|
862469592|
947718686|
844207774|
836568556|
378553769|
325035679|
883144543|
947748907|
325026480|
827452087|
972932850|
883109073|
947765662|
947724223|
844299582|
983102345|
883174807|
813089903|
963065067|
813014208|
844237398|
863768400|
883665211|
864666628|
883118068|
863777533|
325699486|
336717508|
883649269|
325762553|
883181343|
827486461|
863725808|
972150297|
864641680|
813038619|
972919897|
813005569|
396295872|
861629675|
972910448|
325609163|
369340234|
914539199|
827483485|
813002774|
883109290|
827499284|
357812520|
862481885|
325682010|
357844560|
863722315|
883668743|
972947373|
827433942|
947744362|
827462436|
863708800|
883620295|
369347246|
827453714|
813003126|
852159174|
914590990|
972194918|
396292563|
914519950|
883605895|
325789446|
844279097|
983842361|
914506408|
369347614|
369360449|
325628036|
813088071|
827462667|
836538369|
862482864|
862400129|
357887899|
852142053|
341821840|
325635994|
827486951|
883138906|
325023334|
972115521|
947708275|
325017442|
861566814|
947736602|
972955677|
357886866|
844238455|
836518403|
972929677|
396235342|
396208981|
369308242|
863726502|
813079994|
883697245|
836521024|
972118948|
914560289|
852110414|
862411569|
844231087|
983828118|
325717124|
852122560|
983882309|
827419202|
947765969|
827450249|
827402214|
883638602|
813080117|
862430430|
861636696|
325706572|
378954079|
947741170|
963003703|
983124695|
813027948|
863738286|
883198676|
883121652|
883157175|
862424027|
852129584|
827497339|
862459340|
972921181|
983178990|
378926208|
914542949|
883697182|
863769203|
813087818|
883111868|
947707433|
883106468|
813032645|
369380574|
963044176|
972124750|
861622623|
972994530|
963018629|
852186579|
378952483|
369313541|
983809648|
813007335|
396245792|
836557020|
827402344|
883671497|
947752983|
963060499|
813081217|
827492282|
883603604|
883174523|
325072722|
852110045|
883186355|
972188996|
914534469|
852115346|
963046235|
378547141|
914564731|
983184266|
325663503|
325668669|
378983398|
972152442|
396248333|
983179752|
325099851|
914560190|
914518275|
325758362|
862444873|
378911425|
325006043|
972920475|
852149156|
341816177|
883675410|
972189466|
852140419|
844253715|
914551250|
378981530|
861552154|
827464250|
861560877|
378588604|
378584190|
378980732|
813008634|
813001347|
336723243|
914566077|
836578152|
844298965|
883107270|
883168469|
972992659|
852169119|
844245518|
852141383|
336750696|
983108724|
341851710|
861629008|
863738444|
914567883|
813092808|
369391928|
844277187|
983861433|
947741341|
378901895|
861502009|
378949583|
947772559|
827431700|
861545185|
396278237|
827414180|
862497972|
836524848|
883175890|
336740629|
813055214|
836588226|
983810614|
325689717|
813090789|
914552291|
863785056|
883106109|
914535817|
852160286|
325619328|
396291405|
325707674|
827489931|
844298873|
378927907|
947789165|
972172811|
357811647|
836577667|
864640846|
369357715|
396216838|
827448862|
852161395|
325777691|
914559195|
378974646|
813034529|
336708974|
827405027|
341820480|
972116093|
883134384|
914589780|
983186838|
914538708|
883197041|
844219905|
972949287|
972124023|
852137520|
883148795|
336700611|
827401149|
972976483|
947798856|
378507108|
396283523|
369321898|
861576412|
983878422|
883699306|
325732540|
357829294|
325713138|
813077142|
972983514|
983146431|
983170860|
947718128|
947724900|
852166900|
396264062|
813061280|
813042749|
963063067|
972933372|
325723529|
325684492|
972977527|
325798126|
341810384|
813057721|
914522637|
813076626|
827431758|
836519794|
972946760|
852167683|
369355169|
378937930|
836582972|
844211308|
972159084|
983198382|
864611377|
883603643|
813012829|
863760868|
357839161|
963015684|
861649598|
883687785|
852123901|
972930853|
852106819|
836530860|
341813772|
325628713|
947784130|
357894353|
378935295|
914558348|
813031212|
341860723|
861682477|
378956422|
861661800|
861531757|
836521327|
862467958|
341811880|
336741084|
813002909|
325712209|
378592417|
341849834|
378500852|
813065276|
883615403|
983190184|
883694327|
864678999|
813021434|
947766397|
947763098|
883104644|
914522136|
836563122|
947728232|
325603152|
813064274|
983899336|
844230377|
963087212|
844242545|
813064454|
844298286|
914551253|
378936506|
983874469|
852158596|
861609012|
813085141|
963096608|
914590158|
883684473|
844255042|
378520028|
341885794|
396227494|
325768223|
341863971|
325688779|
341881141|
325094003|
813094075|
396226580|
972999631|
983141750|
836564632|
325725757|
883658760|
863792748|
852156284|
883131390|
914568630|
325663512|
883151648|
863797312|
827467921|
864698034|
883674451|
341827327|
863713211|
947713037|
972149169|
378998966|
325760806|
369379129|
914532238|
325606699|
827474080|
862428142|
378558703|
813016263|
813022760|
947718495|
369301480|
852102807|
861619169|
972134227|
844206980|
836597833|
862453733|
883168849|
983116828|
914534390|
861552816|
864617407|
336731771|
883634339|
972997460|
861696634|
378904876|
883135342|
325742898|
827442327|
883643717|
357864374|
852184031|
972970678|
852172965|
983130604|
947781572|
341829797|
325762874|
972164151|
357867947|
861660767|
852113515|
983877442|
972178960|
983199998|
378573989|
883155639|
861598684|
963055432|
863731763|
357850404|
369379080|
852165150|
972983117|
861585453|
863793218|
883661467|
914540722|
325720291|
813032304|
883677563|
336776615|
861679986|
861608544|
836530501|
883666364|
883174109|
325761737|
369373089|
972198176|
883622333|
883632849|
852101321|
852146556|
325681213|
883653603|
325722803|
972912535|
396202125|
914576807|
827404507|
863786441|
883611739|
983135534|
369370445|
914596127|
836529647|
844222624|
827468050|
852173885|
972164164|
863708061|
852162123|
983855817|
863748430|
914529404|
883601464|
883196359|
883106659|
972957246|
852142998|
914529820|
972102764|
862433986|
947712792|
861654277|
325668569|
983843186|
861628400|
844293243|
883128516|
883601642|
378556377|
813001335|
972924259|
813016917|
396219041|
813042557|
852171535|
914505555|
864621853|
861534468|
852119685|
369390811|
864632990|
325062483|
844229270|
883652149|
883134625|
914532109|
836589880|
883185291|
883621083|
378951554|
844223444|
883135113|
972114269|
983170028|
947727110|
336748934|
983197670|
827405501|
861633018|
836519797|
914570522|
378520325|
325076658|
844265181|
378568195|
972190552|
844255309|
947759243|
378985931|
836569590|
963070030|
325726627|
336772000|
914551577|
813046938|
813090752|
378582812|
862419916|
325646856|
378571116|
972122344|
844257118|
396292103|
325731356|
864631373|
972145793|
836581897|
963081091|
827443073|
864605613|
852109396|
813056793|
883671265|
341839311|
378518623|
883621877|
325685048|
963032607|
852177694|
914573477|
844254557|
861664841|
813094074|
914555116|
963068001|
325002443|
862403003|
947708059|
947743858|
369303973|
336780715|
844209135|
863752412|
883104442|
813001071|
861656757|
883611912|
883690100|
914545960|
861526663|
827440726|
852177836|
325686473|
813064612|
972116563|
827478206|
852143279|
883674014|
914565178|
325667508|
864649104|
827439234|
963057928|
864661963|
883619799|
378504872|
325065472|
813050296|
947714913|
813032648|
836500084|
914568572|
396261821|
862446476|
336703443|
972184621|
836596174|
378952530|
863747230|
972100765|
947731480|
863701456|
863735621|
914501040|
862472906|
378595093|
844209001|
864699257|
883137657|
883124482|
983837491|
864632922|
947760789|
827417580|
883697983|
862461633|
827410566|
378950874|
827454700|
863754153|
325773357|
972998172|
852101891|
827406571|
862439140|
852193481|
813004949|
914512314|
378526959|
396285000|
863755310|
972940396|
947752259|
836558281|
972188624|
852163721|
836547562|
336717616|
947798235|
378525711|
983122142|
336776751|
947764798|
852126194|
883631248|
844226321|
369363641|
336708525|
844293155|
813096070|
357848832|
863704418|
378530886|
852125729|
972953349|
827426983|
827451502|
844276545|
883171567|
972975413|
947766277|
972924499|
325778898|
947724052|
883142129|
963000352|
852184342|
983179895|
914589205|
963022072|
827432313|
861671035|
983111498|
914519885|
852110526|
883109545|
883615536|
341841963|
883170080|
947798370|
844218869|
947718665|
864667359|
813096203|
914547069|
827417766|
852162752|
325675757|
325738340|
325737627|
396262464|
914583579|
325722751|
947768162|
844218584|
861628984|
836571563|
827409081|
852109461|
972963532|
914588358|
378583045|
813087733|
983898061|
861528646|
861502187|
983102363|
947773838|
341867111|
883680687|
983825794|
862442187|
947708900|
369367460|
396219502|
325620424|
864692718|
325664841|
396203224|
883117556|
914557566|
914598849|
883161382|
836584241|
325741577|
947799383|
813028244|
844255025|
883660459|
983161388|
883167348|
864650775|
861521730|
357861840|
883629508|
852128120|
883666334|
836511186|
813086046|
813023195|
813027063|
852142668|
852145056|
369307310|
836531822|
947712511|
844249614|
883612549|
827406597|
827442292|
325046768|
864665845|
864627870|
883182824|
883699847|
914587659|
325725292|
863761860|
861569085|
827474147|
852110758|
963060868|
972116138|
862492530|
883649167|
914543727|
861630788|
963035665|
852124244|
972138970|
357855186|
357869107|
864674494|
357884354|
852157584|
852191397|
325618111|
861612707|
836599997|
863739530|
914500028|
357887409|
852102303|
983857507|
341897761|
852185545|
336756636|
827406212|
827478525|
983167587|
836560014|
813065659|
972137197|
357851540|
983144901|
827410032|
357882292|
863736456|
947777281|
947750337|
883162576|
325088846|
813088404|
341829419|
378930814|
852150851|
852140920|
844247591|
883661690|
827455956|
983815044|
844229104|
325605760|
983143358|
357894356|
325697344|
325056179|
396207436|
378978653|
836596407|
844204864|
378939589|
972159149|
947793960|
396236070|
983883868|
914532236|
369365750|
861608776|
864678500|
883194097|
883155089|
844292430|
325065816|
852150622|
861589784|
325696845|
914564109|
378964154|
972178732|
972170398|
864662686|
861686151|
861641284|
864628087|
914554164|
864679291|
836533520|
369357558|
325714174|
852176252|
325732849|
864689018|
883652221|
325657479|
972189983|
396264127|
844241896|
914505060|
844273180|
325600243|
325614254|
963061336|
836534745|
369340950|
883105134|
325782863|
947738606|
813029000|
336751185|
813023757|
341872791|
983811867|
947746202|
883116915|
844206227|
863774584|
827406856|
861626214|
861511683|
972914070|
852136831|
844228329|
972945752|
378967706|
861675861|
378568449|
883195295|
827469377|
963027056|
836514735|
883150509|
396283740|
914557346|
983885066|
369316017|
914578866|
972952828|
883170051|
827481438|
947723426|
862491858|
864606860|
836511387|
863735552|
864657366|
914527381|
369374299|
369370206|
862447307|
378920721|
963024807|
914516745|
827474442|
325673422|
836545144|
972923103|
983806455|
883120252|
947750890|
813035296|
325085138|
844264924|
836564635|
369383942|
861632271|
827496781|
963020504|
947788901|
378591351|
862481853|
325077853|
378591396|
914507669|
883677682|
396299812|
862486775|
883633403|
947756828|
844294809|
336789800|
341822358|
861523890|
813039043|
369358303|
336705557|
378991536|
883139306|
852157550|
827430110|
947716361|
357804998|
378995346|
357813466|
963020722|
852163148|
861666655|
914590141|
972963368|
972992913|
963084044|
813064748|
325691048|
836518882|
861661514|
341814561|
862407281|
827432564|
862494523|
813096197|
861520776|
378917250|
813070557|
844240096|
883626833|
357802666|
357860371|
983110104|
864675325|
813027031|
883627598|
325754416|
852142652|
972933815|
341825679|
325777614|
357834166|
341883146|
914551296|
325647752|
827427284|
972143980|
325653395|
369341178|
883610668|
827419832|
983152632|
836523411|
325047129|
852168690|
836521539|
883623387|
963004122|
963071546|
861598770|
336784900|
396246154|
852112970|
862434899|
813020586|
883620296|
369356308|
864629885|
827460656|
336775309|
836565920|
844245262|
836564262|
861654802|
864656703|
883186759|
844242855|
378528477|
963076788|
864671977|
357884061|
396202868|
914557944|
972989824|
336724840|
836512823|
369375433|
396201844|
336762484|
378914983|
396208102|
844272804|
914535501|
369342687|
883645937|
861632445|
325711154|
325759806|
357823689|
883159728|
836568474|
883165795|
861592713|
325084279|
972102870|
862427377|
357804735|
863794874|
864660454|
844202697|
336726053|
396266617|
883166240|
862413580|
861636974|
883640628|
852136185|
813070798|
378947511|
813030789|
914534857|
844286107|
827462556|
813020199|
862470884|
827435503|
325076924|
844267099|
325622532|
325617296|
341855620|
862445250|
396296238|
827406898|
972156939|
852105354|
827441750|
947777062|
883109329|
972953608|
883163987|
369378827|
862498542|
357825414|
983164673|
378952904|
325643815|
396205331|
883147713|
883154278|
983153551|
861674864|
378547756|
862470516|
378522373|
983170896|
396208733|
396288338|
844231091|
396289908|
813088376|
396260987|
341833809|
947720070|
963025123|
325035615|
836595083|
862408521|
813027417|
396270003|
836554760|
983842146|
325046227|
861592747|
963058207|
827450233|
341837309|
983898412|
983122899|
852124626|
914592767|
813066008|
813021785|
357883201|
963059416|
852165339|
827461629|
914534471|
914562739|
396270313|
813023750|
963012916|
947739686|
883161466|
396259473|
396226857|
325064720|
325098254|
883163994|
378561578|
883696320|
883692410|
972985671|
396290657|
836567197|
827442677|
325045483|
836557862|
864668629|
852134034|
341855106|
369374212|
852152615|
983148578|
378562988|
341804392|
336743631|
883107342|
983101332|
852122548|
378598906|
861562141|
827480341|
813064368|
396299316|
963075651|
861508908|
983847946|
336771162|
972104386|
914574090|
861615931|
369339320|
883670408|
883195042|
883674485|
325774758|
914565954|
852170990|
325798676|
883613225|
325777629|
963028408|
836538406|
883650346|
861656995|
827469365|
914530476|
341821042|
914566189|
861575633|
341817962|
813018607|
883199912|
883101217|
883154989|
836572011|
914582988|
914593062|
341886889|
852118180|
883120713|
357809411|
357871107|
813017651|
844290462|
863730285|
325088609|
914538278|
862495867|
378960942|
947754351|
844294580|
863722758|
861652970|
883630617|
883113427|
836535334|
325697386|
947749548|
864624597|
861588490|
863771715|
836590724|
863705925|
947751282|
863752910|
883198073|
972143853|
325616939|
844281623|
844237286|
861546108|
341853912|
336721359|
863739906|
947784194|
861595062|
883149709|
396243618|
357889193|
862488324|
963065582|
827488877|
336766179|
883170438|
369371898|
861685316|
844248476|
883157264|
862450768|
983837737|
369352563|
883613818|
827404708|
861683249|
861556965|
844232349|
852114538|
325770608|
844221063|
861572035|
883179633|
861654765|
325041934|
813083556|
357864736|
947776238|
396202077|
861568171|
947723457|
357876968|
914500167|
378900181|
972184066|
836549455|
972913776|
827451124|
852158562|
947734528|
827432246|
827446985|
863722414|
836536453|
852181756|
883135531|
813088731|
325750139|
863788365|
861683700|
972906180|
983139299|
972917907|
827473462|
883164748|
378546980|
336705807|
827413261|
972188120|
378922960|
963075662|
378507802|
883626550|
369372290|
852135971|
325693129|
863766336|
325743246|
883668767|
914517151|
378575294|
852148548|
963065378|
983843589|
914505998|
883613421|
883607534|
836574773|
861653424|
883176469|
369352402|
357856398|
861661949|
852172570|
883147284|
863750687|
369338618|
862437035|
861545930|
972178807|
883171029|
369320594|
914554680|
325768099|
983857646|
844294240|
861626157|
827447453|
325667736|
844269427|
883144760|
852150457|
836588984|
861697189|
378568836|
914507391|
827450434|
836581248|
863708675|
972151241|
963052638|
357802898|
813041334|
983866004|
883638838|
914509180|
357867468|
844200289|
378562035|
861544165|
836517453|
914536480|
369345997|
852127795|
325662638|
883169946|
883611083|
983850098|
836558600|
844271053|
844279502|
325628047|
844221993|
914520529|
827460812|
325083625|
972114339|
827434109|
863771720|
914518233|
357834600|
827450667|
836563213|
852188433|
864635780|
947795077|
325050237|
947761879|
983810723|
862436325|
836533592|
341871673|
341873332|
972137026|
963026273|
325082548|
336769756|
863785810|
836592399|
883198107|
983896782|
396252446|
972125233|
369327202|
983856941|
357829082|
813082901|
341836763|
325603517|
378544384|
864608580|
396218868|
963014479|
863716479|
813057639|
972176544|
852148111|
325667843|
863793293|
972115703|
844227589|
947750083|
378951674|
914559183|
963052576|
983151972|
357810084|
983113203|
836505589|
844260170|
972128213|
836532616|
844297205|
325058709|
844270974|
325693061|
396205957|
378920177|
325600933|
883176962|
864647439|
862491514|
378517338|
914594307|
983857239|
836525951|
827413921|
827418188|
862411638|
396212843|
827442925|
914598651|
972911251|
827445828|
914564588|
325627261|
325619723|
844201656|
325758767|
883630172|
813070619|
396282030|
883696872|
914559339|
369369386|
369316488|
844270755|
341804307|
852134906|
844232798|
947728794|
852175119|
369339904|
378540366|
813030771|
396233871|
883678763|
378956244|
325026291|
836508340|
861637318|
963024271|
883684656|
883651370|
341822688|
852159649|
852164275|
883154378|
813091073|
883669060|
947781066|
813069127|
914523565|
883625277|
864667029|
861686355|
844286844|
861580812|
378955678|
827489838|
827404232|
396266992|
863703859|
844295255|
827458355|
844201410|
947776514|
963036065|
396248454|
378946702|
325670341|
336715213|
813011742|
983839073|
852100932|
836592507|
861660208|
861504524|
864632252|
864622727|
883116649|
813020673|
852185137|
378965407|
325787173|
378935685|
972111312|
972903781|
972914458|
813096115|
861549409|
963084672|
836578121|
378906668|
914504422|
325731618|
883149797|
836530677|
983854150|
983833321|
883178102|
864614335|
972925146|
836506175|
357872190|
844220246|
336716930|
369393781|
983131737|
836542212|
963015294|
947744195|
369303727|
863713860|
947763027|
883126041|
852134977|
863752298|
836512220|
378593972|
883677226|
852175470|
862481258|
947784107|
947758013|
914563153|
883134304|
852121728|
813032014|
844239581|
396232109|
861589077|
914510000|
852159970|
844243244|
972909489|
852120638|
883642241|
396238621|
983859564|
325007467|
914571371|
341892401|
378975040|
864666282|
947788173|
378592413|
844291393|
883188667|
357870308|
827473025|
883628368|
883682838|
983101469|
914564032|
325750459|
883104662|
325061264|
813026360|
947773098|
883135364|
325768331|
861524700|
844281115|
983868438|
844209518|
836573207|
883125189|
369305512|
378516634|
852131878|
336770049|
852139250|
827439976|
813094709|
369348844|
852120397|
369378951|
983167751|
883616773|
852150858|
378976649|
357824972|
914591832|
369342312|
836545294|
883603998|
836544618|
369314412|
914543252|
861667557|
864697178|
861645920|
972974082|
357828153|
852133038|
325638545|
983851639|
836579485|
836538653|
827428078|
852173342|
863798933|
983843982|
914543704|
883656525|
336716392|
336762169|
883696398|
862440037|
325045420|
325654193|
369382439|
325737787|
325086271|
883152339|
914559409|
972964584|
863782176|
863718074|
357895322|
883130305|
883689204|
396229862|
983854838|
844272759|
914537486|
861525726|
396273061|
914549291|
827404388|
914579199|
883180975|
883663192|
836551651|
983177962|
357886879|
827460454|
369380234|
972933285|
947752964|
325601780|
378572116|
883614671|
883198764|
844259749|
827426874|
947789624|
972118744|
836570342|
863760927|
813004361|
325067353|
844253990|
947768612|
947702275|
336712614|
864682518|
852134660|
883667458|
836530269|
883619679|
883146073|
972910329|
963003508|
972955458|
378509449|
947745242|
844287645|
341827022|
844205887|
883686973|
972153156|
862430800|
336719200|
836552162|
827489348|
972953381|
378582749|
883628516|
827417023|
947774435|
357848737|
325085367|
883679251|
883187584|
852190158|
369310349|
861638210|
947759013|
883630025|
863765656|
844212707|
852114840|
862439587|
947717870|
883679919|
861557100|
914530909|
883178120|
883661628|
813047221|
813081939|
861635915|
813085693|
883193022|
947704733|
378555235|
861687973|
861547864|
914594930|
813024888|
883645643|
852155646|
336764342|
983824837|
813086174|
852127361|
947722302|
914524986|
972108325|
836520813|
947733924|
883175622|
357881962|
983100418|
972112709|
325745755|
325613889|
914578954|
863770616|
813072438|
341845444|
861692573|
378565434|
341852451|
947757063|
836556141|
914556748|
983119552|
336770820|
983872875|
396202046|
852165305|
914508135|
983860642|
341892817|
844231666|
813078582|
813055053|
864679258|
396216433|
852170316|
852173794|
396296942|
836555174|
983846801|
861698584|
827459367|
983187954|
336771639|
827415331|
883146973|
864602014|
852151750|
883148971|
983185766|
972181394|
883141955|
914578861|
863715433|
883671042|
947719657|
325092385|
947735591|
844212120|
914541810|
378936976|
862498591|
813084485|
844281727|
861569234|
827495606|
836557781|
844255570|
813072162|
947737948|
836599683|
378516298|
827404180|
341860767|
844266959|
827461868|
861507285|
972996707|
357809534|
844226440|
947709847|
864691880|
983828705|
852109002|
864687072|
844248322|
947753677|
983865943|
863700581|
914589633|
836569346|
325629186|
983888159|
861695178|
852139680|
947768507|
864679990|
378585432|
325714865|
325017227|
325689914|
983130743|
852126752|
972113943|
325673474|
914562290|
369331826|
813081315|
325659414|
963013650|
883613732|
844282135|
852168521|
914567222|
883160453|
827489447|
396278837|
983110333|
983852970|
863756978|
813039745|
983132946|
844202503|
836569297|
357826464|
836571008|
864690315|
378986214|
325758906|
852127627|
861670619|
844274661|
827428105|
862434252|
852145215|
378540260|
963025311|
844203496|
861538557|
963014753|
861652992|
983878935|
827488889|
325793649|
369383415|
827415132|
972912754|
341844739|
972142647|
369395667|
883689815|
357866288|
861592989|
852184939|
914531218|
369328490|
863723006|
378901268|
813044928|
378527361|
861554298|
852151684|
369379037|
883160988|
396281193|
972178411|
357827612|
883637749|
972961668|
836585681|
341856946|
861613230|
836593982|
972988977|
396273324|
864650302|
325004510|
325755500|
369391180|
369368343|
369362051|
836564921|
325645566|
341805439|
883190867|
378534880|
864642660|
983107857|
836544469|
947753352|
341885749|
852125730|
914540324|
336764538|
836515615|
852163785|
883105673|
813038818|
883138503|
852178037|
864622715|
827426658|
972947224|
983156059|
378574942|
983843679|
844218735|
378520407|
813053188|
369300624|
861558614|
378944963|
827463332|
972155534|
983855183|
863719459|
861530882|
883649263|
983854957|
357876824|
813015387|
844295582|
883616468|
972159861|
947709420|
827489105|
852173193|
947736982|
983871302|
852184680|
325731978|
864638331|
963025065|
883680881|
325686042|
836521844|
972162521|
378956450|
396256143|
861545024|
827425210|
325678275|
914536029|
325052938|
325694522|
396285502|
813007317|
827484219|
813004421|
883189881|
836543430|
983805934|
862425994|
836554889|
325028334|
836581638|
972183907|
325646358|
972955623|
972152054|
972198747|
836540149|
844206626|
852178888|
357815089|
862469758|
914503600|
378524549|
844230912|
861695216|
325755401|
325073672|
983199950|
369320595|
369346966|
963043557|
914524070|
852130505|
947714349|
972149445|
863783886|
947731007|
883138978|
972147838|
883150140|
863797304|
827423493|
325062370|
325009338|
947761589|
836599222|
947775166|
983174471|
972979361|
827400509|
325053544|
813069839|
947737763|
827455050|
862484895|
836518223|
864610910|
972188204|
844229723|
844203079|
852150026|
325016872|
972927541|
883172888|
827451106|
862474895|
844250543|
852167465|
983170543|
357820768|
325765924|
827413039|
852163131|
947772439|
861698075|
325028668|
972129573|
972920234|
861660175|
863739758|
325786218|
963055933|
861550150|
836573472|
963065251|
836501526|
861622917|
378999828|
836514159|
947714390|
947760309|
972934174|
947791610|
883191886|
357836333|
813091659|
396245474|
883147546|
883128552|
862410097|
341832138|
947730122|
972922019|
863785500|
378502068|
862411352|
813014445|
813020340|
864644133|
983848082|
827483350|
914568892|
914533470|
827418948|
861618712|
378598855|
883169762|
947728646|
947759917|
947736925|
844268347|
883694883|
325729388|
914584743|
972142504|
883130737|
378562722|
369351136|
863714745|
378966227|
972993460|
396205405|
827495143|
844228580|
883112120|
369369237|
863730383|
947705963|
852199519|
852110503|
325780937|
864611719|
883638652|
983108390|
883103387|
972187900|
336746099|
378586022|
883134369|
861501268|
336731434|
914574870|
864671875|
863719252|
862481090|
827412701|
914510405|
861645841|
378923312|
963007139|
378940649|
947796148|
325645586|
836503344|
914502485|
325612121|
325644493|
983892055|
852104385|
861668732|
844282196|
813005027|
983893814|
813098900|
844218006|
827428860|
813085899|
983853389|
862472019|
947769461|
972183448|
883604681|
972125029|
883692609|
914545245|
325736333|
341842751|
914544707|
836519188|
852156853|
862408975|
844260287|
947704920|
378532975|
378900646|
862494896|
378576360|
325090930|
861635042|
983104128|
813025751|
357884288|
864653430|
947746661|
983883111|
336793825|
862474594|
883173747|
378932400|
947717776|
378933469|
844205765|
863761669|
369392292|
325680384|
844210072|
357875266|
972979079|
852130850|
947704753|
972143207|
325777091|
378595286|
862407033|
862479842|
396213789|
325023457|
883693702|
336711725|
863796449|
813071733|
862430476|
861597434|
914599573|
983178947|
325042026|
883639479|
378965471|
983188603|
396258193|
883628072|
813015900|
844237104|
861690332|
852136669|
883118366|
947732344|
378524030|
813010891|
325712239|
852172282|
983800761|
325690759|
914512479|
983182681|
862480211|
863735332|
883153946|
357853553|
983124732|
983813034|
862404115|
914508269|
357880296|
396258625|
861679996|
914591331|
844218905|
396224077|
836548396|
972970122|
863739665|
947796802|
369346098|
861691820|
972141387|
836522038|
883666277|
378981151|
836583637|
864600505|
914580395|
861637438|
972161371|
378926250|
378596745|
325696552|
983157707|
836569871|
862419240|
983815707|
836588620|
972196359|
325028405|
325680596|
947798842|
883603492|
836589270|
844288064|
369360756|
914578961|
852176585|
844276091|
378953917|
864605963|
983136400|
883645489|
341881936|
972137623|
396246135|
972103391|
378904776|
836521929|
861638592|
852133298|
378965396|
972181373|
864617572|
914553246|
864635634|
813033053|
336741824|
325691471|
863769506|
972194289|
852129398|
357868772|
378950977|
396297542|
883127442|
844239619|
883161216|
861602786|
864611102|
862455964|
827491747|
883623713|
862457623|
378997603|
369328608|
378572693|
813092239|
827414876|
369381650|
861640012|
863747509|
972172386|
862416724|
983136456|
883645867|
336732716|
914526860|
863799175|
883166043|
827448876|
914519403|
813062972|
827485615|
947732923|
378920271|
972178042|
864687252|
861643322|
883129246|
972178808|
972966001|
378912457|
947750530|
357806610|
336710081|
972128268|
914535020|
862415055|
947726708|
861619797|
863761771|
325026614|
827486499|
914507319|
861611706|
972186549|
883676849|
863705718|
369353253|
378980804|
844219658|
883199907|
883659638|
813079167|
972940806|
862484133|
852107636|
813089311|
813058991|
827431388|
813041659|
844263011|
972981588|
827499204|
861544367|
813028973|
852111892|
852181586|
947798647|
864631238|
369389658|
396222332|
861575044|
836525251|
883618181|
947727538|
983172833|
972996983|
813028643|
861563263|
378578241|
983128059|
983165917|
972169572|
947794951|
325632579|
844254826|
827463828|
325637303|
836561258|
883605861|
972981110|
914553054|
914510851|
844258182|
844259986|
396244459|
963042724|
914502451|
836506759|
836522054|
883168862|
863774121|
972971464|
947753172|
813008014|
827487693|
836586537|
861519688|
861689926|
963096185|
325003010|
844272171|
341839599|
325652928|
325736908|
325092704|
863704785|
972958000|
341870276|
983117453|
947723127|
883660659|
883652352|
861584700|
862429284|
813068080|
983877912|
914595427|
336738377|
336763010|
861530368|
813001698|
836594348|
357889254|
883160370|
883183499|
883658574|
325013146|
325671622|
864666537|
827445054|
325751748|
836585716|
813081385|
378512363|
852149647|
336740059|
947733073|
972958164|
883647057|
883150420|
378916640|
836540821|
844212112|
827432713|
378998413|
972171874|
883160416|
827402753|
972167749|
983883650|
836514352|
827486418|
972197733|
861612542|
972152951|
844270503|
852104711|
972967728|
844202099|
852138997|
396205449|
861539661|
836546841|
972903275|
862443902|
325663484|
972193813|
852136257|
836593520|
914539463|
947726590|
883614540|
963055790|
325096215|
983842356|
378500279|
827422271|
864699545|
836587914|
844247860|
336724430|
914516681|
844293549|
325067815|
983834296|
336734212|
972180337|
827496165|
844252439|
357813216|
836521822|
844232566|
378576961|
378531765|
378905806|
983826721|
861613342|
972998421|
336782454|
914503497|
341880753|
378929107|
827451929|
325710567|
396208394|
861546528|
864662732|
325698925|
947749189|
369374467|
914521666|
844247737|
983105332|
947794064|
983831122|
972989791|
836527835|
864625534|
914516891|
396227475|
827462211|
862488392|
813084869|
963051168|
396225810|
914531243|
369382008|
357877085|
325069184|
827450658|
914519735|
836598053|
336713532|
836563219|
325602788|
861686033|
883123127|
341825406|
972905814|
325021728|
864670643|
861522016|
852143299|
836578914|
972127397|
396249100|
983180667|
844210561|
336713999|
852102805|
983153296|
883659686|
827457682|
369307393|
883614889|
863723034|
947719719|
396214529|
325757427|
325616065|
864675568|
836559309|
396229028|
813050718|
983874861|
972992897|
862413508|
844280548|
325709514|
325667569|
914567730|
963074240|
861627283|
378962464|
325666351|
852193559|
864630694|
852162184|
883624366|
983897641|
341824172|
883646528|
914561380|
369331434|
396269576|
864616628|
827476866|
864692245|
914515307|
983863916|
963023823|
844246599|
836515982|
836514721|
861634791|
883685233|
813072258|
972931743|
914596321|
836537277|
861518024|
827479070|
864696355|
325069216|
341843085|
325797001|
883129005|
983197009|
325696200|
852153273|
947730646|
396208804|
341856689|
852123127|
844270757|
396249651|
325643100|
813013572|
914538762|
862422160|
844276850|
883128348|
947739570|
914584193|
396208364|
862484146|
325055837|
844255304|
369340608|
325694110|
947719434|
947714118|
883159073|
983112319|
863774144|
341813923|
864672574|
983891498|
861685065|
378518565|
836554505|
813012499|
914584184|
947749970|
862445967|
836555768|
947793472|
864632055|
369300365|
852131473|
883142530|
357830122|
914577605|
883656265|
341841048|
947776317|
864696971|
983814442|
813002284|
883659229|
914559880|
396283880|
827480693|
947795231|
827433952|
947703677|
336765185|
862460262|
341877776|
883124318|
861538717|
947795239|
983871522|
827483949|
844203416|
972124363|
861533003|
844247543|
883184466|
852155285|
861515220|
844237082|
325780705|
883606756|
883605058|
883670971|
827492024|
861641834|
861610436|
883635130|
914563592|
883620891|
864616581|
844204497|
963049238|
827417948|
325796906|
861584862|
864679064|
862403909|
861657068|
863788207|
947705317|
861682516|
864642923|
862450836|
378560639|
827463151|
396224167|
947739865|
325066153|
341892518|
844239499|
883651494|
813005533|
813069907|
983199826|
827438543|
883671635|
341874939|
325714384|
813071541|
914599139|
863784022|
325710149|
861637414|
883699867|
972935900|
336737900|
914575591|
972134338|
883608421|
827491810|
325797072|
852138717|
852111520|
813099544|
883661639|
396250337|
864667873|
914590901|
813048334|
369300313|
325772686|
336774256|
861659395|
369378685|
836590366|
963075424|
827414327|
325704230|
827407344|
972120317|
827488875|
341844574|
336757875|
983145151|
341802949|
836536533|
827483922|
341898386|
341849039|
852197277|
972129953|
844227176|
863781685|
983156868|
827412654|
813055177|
852192095|
983891420|
883152877|
357877971|
325686419|
883652181|
863780597|
827412834|
836512945|
963083708|
325765602|
864636144|
325793569|
883671858|
863763221|
357876845|
813019640|
325678727|
861520654|
813074719|
325688666|
827485631|
947724373|
336717859|
983894331|
844298718|
325661174|
883118148|
883162278|
863701941|
341813963|
972193080|
813011555|
836508833|
883677518|
983834831|
914525960|
883609786|
864637043|
863741892|
357830706|
396243722|
852177889|
852172095|
813081048|
336754235|
336770830|
325741780|
963075031|
861653318|
844286753|
369382811|
378580909|
864693481|
325729790|
947735165|
336749984|
325699711|
378578697|
947716351|
336717830|
983176160|
325725286|
947781918|
827451694|
336786973|
883641642|
972926753|
325039988|
883603845|
863740961|
947754722|
836505424|
883173810|
378557841|
972138316|
864662278|
983820595|
369306550|
813086189|
914503917|
914523057|
813007489|
914547935|
813079211|
325709067|
852111642|
864680186|
369308095|
983879193|
852143745|
972999570|
983871538|
972189320|
852128821|
852107427|
862477250|
852135831|
983141805|
852194005|
852133375|
972964961|
378571266|
861685642|
813009844|
914511757|
378982264|
325692881|
325695176|
357897572|
863728758|
883172939|
357821909|
813082393|
861553136|
336736204|
861648334|
836524099|
341849156|
862442424|
396246167|
357863280|
983105204|
378940241|
396201280|
325080637|
852147398|
862417095|
972120059|
827483491|
357858476|
862443309|
861514931|
883646005|
983843978|
914523419|
864636976|
813057222|
864691376|
862428304|
972905522|
862459568|
836558336|
864626700|
883124226|
862483700|
813001564|
827476171|
396245632|
836536387|
947790419|
963021456|
883632210|
836506620|
325719193|
341867771|
863736921|
883675022|
864679415|
947755307|
325074887|
861583099|
852183314|
325794031|
983134337|
396263568|
341868513|
325774735|
983873382|
883602452|
844252490|
396247182|
813067658|
836535162|
862477164|
813038875|
813005594|
844273376|
861633474|
861573212|
813022422|
864638330|
378925242|
861581508|
914509643|
836527222|
827402731|
983152729|
862401340|
861540109|
947789443|
378969791|
341801707|
852116359|
852106226|
861682752|
861503992|
813098123|
844284609|
963028135|
827482880|
357847217|
864628793|
852103395|
378551793|
914570214|
883176883|
357830718|
378911652|
341878369|
325691460|
836584682|
852129708|
844297270|
378946320|
341809049|
947725778|
325046493|
972908287|
325085518|
325767795|
378985343|
883199731|
813053061|
325037678|
357801080|
947703630|
852148648|
947727746|
325620692|
813034284|
844244553|
864654095|
914555491|
836585775|
396272602|
963028704|
325788549|
852148544|
369317523|
844284395|
378539449|
325021801|
983164696|
852121118|
341817376|
336759433|
947707944|
827471615|
396282156|
852170205|
325096489|
963028994|
972987507|
861590619|
914565381|
914585441|
883676387|
972118525|
914541498|
861519732|
883174269|
852147097|
836585102|
325768179|
844226745|
836540783|
883121381|
827402455|
396296536|
914579089|
972974837|
827420351|
325645024|
972990183|
861521534|
852128134|
852126062|
813053271|
947708473|
852135583|
864681992|
325752949|
861536257|
861556939|
336707820|
836594929|
378986618|
972156430|
325063755|
972977423|
378597171|
863796822|
852197824|
357838799|
883621062|
883638285|
836562338|
883612395|
341835793|
983845417|
357877820|
396292615|
861617242|
336766229|
844289683|
378572898|
983887943|
862462031|
396209053|
336709297|
861651664|
963007458|
827416469|
861650018|
972954995|
369307150|
861629720|
861592459|
827450984|
827410358|
827407316|
378564992|
862410235|
836521402|
862454844|
852139130|
947701592|
947752216|
396289115|
396278217|
369361594|
836594713|
336741390|
852135000|
844284174|
836590019|
883662855|
863724134|
914587237|
983138377|
861662489|
983865980|
972178841|
396298017|
325775203|
861594185|
983179629|
852197745|
336734954|
357813881|
861575060|
813051982|
813012193|
336762626|
325711930|
836587206|
883178086|
325098304|
836516668|
325614208|
336773325|
862426759|
852134165|
325634911|
341859649|
861661043|
914592802|
852114678|
341835108|
396293637|
972104858|
378975709|
983174694|
983876846|
813055429|
863788375|
861675293|
972174358|
861516503|
325647390|
883149924|
827471493|
947790036|
883632675|
396211729|
396212395|
844269960|
369355430|
883623278|
864688686|
883160888|
852131562|
947705005|
963008782|
914504775|
336792004|
336714962|
396258975|
972914416|
883698302|
983124152|
861508773|
864642698|
325081045|
844247254|
852189120|
852163116|
852144884|
357869206|
844265920|
369354291|
396212941|
863738630|
861607617|
863738729|
947741726|
983892163|
325723253|
914563226|
863789434|
983884510|
844280166|
864680399|
844269371|
883111060|
836549507|
947796284|
947764125|
325097247|
813009391|
883646095|
827452143|
852192542|
861555969|
844271435|
827439509|
378998594|
862405798|
844228596|
325005801|
972121269|
861562715|
341871455|
863771342|
883644192|
947775379|
378521196|
963069587|
378976008|
883687626|
844264856|
861603060|
813054456|
863789879|
844286906|
947744953|
864622157|
336732111|
813081748|
325022459|
861689150|
861693964|
357812041|
852129110|
396293039|
341887005|
836580714|
863741477|
844204412|
862431920|
836586806|
914523031|
883651601|
864648398|
914578723|
341885494|
378938593|
378950446|
357877935|
378595365|
883617152|
827486228|
827492377|
336733913|
963076856|
852104797|
325731394|
378905899|
983860613|
947776671|
396233886|
861600306|
983819368|
972180808|
378955964|
863772243|
827434948|
947720717|
378989784|
325042930|
836543679|
883636409|
972188149|
983121714|
325015580|
852109899|
972144871|
914517833|
914573904|
983821998|
336748340|
325060428|
852146502|
341875315|
972992295|
325771215|
914590197|
914524725|
341840198|
914535016|
914517891|
378924705|
325692907|
852160877|
325087317|
325765367|
836533888|
378900158|
341830250|
336711244|
378905079|
963081171|
844231979|
883168529|
862444914|
972184225|
341852151|
844288440|
861685126|
983807869|
341803000|
378530993|
972178952|
862491328|
963095743|
325028317|
357834102|
827484948|
325029888|
325084714|
378992265|
357866057|
325062008|
947757650|
983860892|
844290339|
947728701|
341822001|
914559489|
983895086|
336718466|
972195827|
396250094|
813084905|
357804966|
827459140|
914550607|
972190610|
325623817|
325722439|
863702135|
862481619|
341874887|
336718181|
947725033|
883693591|
325039165|
862412999|
914512551|
378920246|
813056617|
852117370|
883127650|
325038844|
883645883|
864674078|
883697518|
914514596|
883646035|
369395044|
378505800|
369350972|
341840807|
883679173|
963056033|
864637446|
963040059|
864673865|
883135648|
813092294|
972918940|
863730937|
883124472|
852176735|
947754389|
972911579|
341861807|
914567526|
341836504|
852198605|
378910319|
357886193|
914511408|
972962421|
336781663|
369315881|
972106126|
325724019|
852114994|
914595398|
963068228|
827456741|
827493831|
972170707|
883687253|
844236495|
336716203|
914558487|
813070698|
862497763|
983889385|
852153176|
378598336|
861573010|
861565376|
883193266|
325712523|
883196840|
883626472|
963048970|
836547289|
883679113|
947776520|
813051881|
914579433|
836534307|
325621452|
947741222|
883122824|
325083907|
914593977|
883100174|
864602372|
972917734|
836595314|
852136110|
983861936|
883669866|
813003870|
325098932|
813098332|
972977928|
864619300|
836529381|
836559823|
836572121|
947736808|
983105292|
325631032|
844208241|
844271734|
947711867|
914504611|
369319707|
844200543|
827413872|
325735525|
883109604|
914556316|
883139280|
852124047|
947789219|
341809404|
883117008|
336707855|
914525368|
864682134|
983191281|
972957672|
357808625|
852167649|
844282055|
914568549|
861614971|
836580890|
827444575|
813088494|
378962513|
378530591|
883649200|
325028995|
861614547|
972987931|
864697332|
862425167|
983801881|
357806113|
325749126|
813006571|
861594786|
862451222|
862416342|
861645113|
396248363|
862450753|
947750369|
947786279|
947722877|
813072171|
396244542|
341842143|
336749921|
863758932|
844231231|
972900996|
947722317|
863773580|
396201626|
325602489|
862458487|
972152444|
883656627|
852121563|
863700381|
914505641|
947775159|
813058949|
863749620|
813009273|
369328007|
336796354|
947729418|
861631560|
369382590|
863756869|
813085800|
947712639|
861598459|
325647865|
852187798|
378525308|
864695239|
844207532|
378980180|
378933357|
862477389|
947785844|
844281672|
844295487|
947798610|
396213000|
963021286|
844277043|
827409957|
378919031|
813024077|
972928045|
396290494|
357889656|
341847277|
844276758|
883145142|
852157657|
862460057|
861551656|
813078255|
852168883|
861505291|
852132749|
341818645|
914561762|
357849236|
963074590|
947713388|
883132706|
983816357|
972961856|
813066681|
862475726|
914574679|
972196564|
972918151|
883648551|
947793638|
844251557|
863736352|
863708878|
369335034|
983112548|
378909226|
972185627|
844275423|
852140259|
972945470|
827413243|
844276913|
369395230|
396234432|
341832085|
861564535|
325652889|
378521063|
883120998|
378914571|
863732679|
883699029|
827461599|
813075445|
325081743|
378552240|
836579982|
357822412|
983111670|
336724389|
862455461|
852105435|
813082283|
883664251|
972176632|
947762006|
813097796|
844239814|
336784687|
883676664|
827456014|
883134647|
983172036|
852189265|
378579278|
947753980|
852142293|
972911724|
972918876|
983187465|
863710293|
883623171|
972158677|
963085121|
325013365|
983132625|
972101197|
864696802|
325667155|
972940135|
972972362|
325738749|
914512349|
864678726|
336732313|
378589023|
378584663|
963019291|
325672242|
325707177|
883104754|
852161427|
914510747|
852167300|
827402940|
883106629|
827456473|
864688345|
972983909|
813011764|
827438271|
983867829|
914569761|
844236437|
378576585|
836519074|
357874574|
357898624|
369358701|
883618578|
914590383|
983115583|
378510926|
844298964|
827410409|
378902266|
883106973|
378519620|
813042500|
852168030|
947731492|
852128704|
378519330|
336722014|
883673786|
325605103|
357886444|
378554173|
883679879|
914501832|
836554930|
827441337|
341869781|
861507516|
983854571|
357881680|
883119455|
396263841|
972162766|
852107325|
336799534|
336724909|
836559466|
861689776|
883601788|
852149900|
914516363|
378519444|
863778251|
861569017|
369331862|
861625318|
827448249|
864625782|
972929443|
883623763|
914561414|
883118196|
983173191|
972132175|
836506095|
863791014|
813023065|
827401047|
813090557|
862412110|
836510458|
827493603|
914547291|
325742253|
369300724|
836559615|
341825797|
883603801|
914583768|
325023636|
883651971|
336705790|
357815212|
341851919|
963036588|
914548690|
827489194|
844247069|
983183385|
864687173|
836536136|
378999049|
983800643|
813066551|
972145624|
827442673|
325629832|
852108440|
947720327|
827469213|
883634508|
357846995|
861562151|
844234135|
336776441|
983174645|
883650318|
378530331|
883155946|
883633173|
378582565|
972160475|
357888747|
325708294|
972958833|
972945124|
378997408|
852108178|
883633879|
972929224|
341865272|
972181437|
972167525|
883191578|
378513282|
341815223|
813037558|
378567612|
325731495|
883659444|
947716824|
864666725|
378985711|
844253530|
813024618|
827404402|
863756157|
947721314|
983809824|
883648827|
852149245|
396251959|
378926864|
947757272|
972166883|
378538319|
325751165|
325024799|
914500780|
336705487|
396244199|
357854395|
378915364|
863786277|
963019337|
378508825|
836511872|
861614931|
972188026|
863747053|
883188687|
325611069|
836587303|
813006329|
864654911|
341847417|
983152085|
947799618|
864661166|
861571521|
963022495|
844257774|
852120351|
972170143|
983857673|
863776550|
963053003|
863764272|
983872767|
983116686|
883688366|
813016121|
844267933|
863778853|
972972193|
862445093|
341850688|
336735993|
963079624|
862449981|
883626280|
396241558|
972187349|
963028380|
325665637|
852114902|
836594417|
883189872|
336714562|
883649945|
369321494|
883195194|
325000423|
883642352|
983121442|
983836737|
325614422|
983137760|
864694427|
836565735|
369351812|
947784463|
972183794|
883153955|
914598211|
947756390|
883671740|
325725871|
972908069|
861574634|
813016980|
836577542|
844272310|
862420341|
325787376|
883192056|
325729210|
983185836|
341824774|
861631844|
325706279|
813085256|
813099579|
883180304|
325710616|
396239718|
883612940|
378573091|
844271222|
836538392|
914502420|
325072690|
336782271|
836539414|
883132823|
861688415|
325642812|
862464521|
369337566|
861601695|
972164339|
378552529|
844253557|
864629165|
914515054|
827465023|
883603211|
336788632|
863776713|
864631958|
341817403|
883190396|
336776299|
325064114|
827448432|
827467827|
947752525|
827455853|
883671293|
861508315|
947753084|
325651044|
369330806|
378592701|
983191644|
914526591|
827451476|
325660704|
325770274|
827426615|
852175521|
883659573|
844246730|
813015687|
914569943|
861533325|
852128441|
983137890|
827446034|
813004957|
861537574|
864689522|
836560957|
378920867|
972972950|
341805287|
914517420|
972187842|
396254816|
813051495|
963057398|
813054359|
864669516|
325071748|
357889491|
836521999|
357894049|
883131164|
883655515|
378980335|
813088146|
861669047|
325045697|
827494243|
357858365|
357825488|
341888224|
844295286|
378940359|
827480253|
864649382|
983111030|
983186246|
836515799|
827426514|
852146124|
378568341|
844245651|
378542816|
972168953|
325673904|
369305191|
357820385|
914518305|
883110018|
378934450|
357840684|
325716074|
963070716|
325743254|
983822455|
341866389|
862499154|
836520733|
972934198|
378940480|
844210345|
863721115|
357819536|
325770784|
852146587|
813012090|
914549826|
844295235|
883103385|
336737685|
947773856|
836525776|
844285249|
836594789|
836596043|
864617833|
914516885|
963041005|
914539282|
914585450|
972950209|
863798313|
325705930|
862496717|
827498619|
827465544|
972127020|
844257531|
852128558|
861511750|
983857745|
813091848|
836559214|
947722696|
341876975|
852149090|
844287466|
341858238|
813000855|
972931511|
341866646|
813018849|
972143499|
883186757|
883678239|
861637569|
863780806|
813082636|
883645433|
972126433|
357850365|
983112570|
378903577|
883691206|
844226895|
369371539|
883195655|
972934211|
983896414|
883632444|
836518643|
341836498|
378934216|
972121483|
864634389|
972914788|
863736832|
378572151|
844272715|
914566293|
883164828|
336742980|
863778081|
357867241|
983101204|
336782210|
947790796|
852197462|
861608883|
861598342|
883171523|
963018657|
883645646|
836558780|
813031545|
947722606|
883686279|
844231001|
325035423|
883657421|
827411593|
325046564|
862415961|
325066380|
378950162|
341899489|
378598673|
972968467|
836567069|
325005606|
378550469|
827479051|
836568018|
341878940|
844233607|
972126510|
325086345|
369300835|
844284331|
852100248|
357803339|
844289239|
844221244|
844280705|
883679160|
861504728|
947754642|
325663117|
862487634|
983810406|
972952400|
983121207|
336767877|
844224689|
972928094|
864673484|
813004923|
864643300|
378992200|
864695530|
972174671|
883107580|
341803294|
325764631|
396253422|
883158707|
336765404|
325666610|
883684341|
325635317|
852156275|
357850407|
813018325|
861583161|
852159485|
852111332|
914567556|
861676191|
883684021|
972119931|
357870710|
947751961|
836517120|
325704131|
947779466|
336750560|
963030765|
369399057|
972122979|
813086267|
852137988|
369386590|
378959236|
827488690|
983153188|
983111257|
963090272|
325059737|
947702111|
861635455|
914534725|
963062777|
378595138|
883681131|
983139297|
378586693|
844262017|
836584464|
852165422|
972918771|
396289771|
852155826|
883684531|
861661268|
914564346|
325707578|
827441660|
861660960|
963072066|
983193822|
963061082|
827491572|
883161196|
844231474|
883103141|
863729999|
325012363|
947719977|
852178534|
378994440|
325764671|
844208662|
852134943|
883673763|
325031868|
341821395|
813083634|
947792648|
341821678|
357863817|
813079701|
863759562|
378543990|
861671876|
972149101|
861552212|
883613881|
325755162|
861532987|
983152466|
861698479|
972131780|
883192637|
863753894|
983134941|
883111803|
378980892|
914559100|
883623458|
325713720|
883163502|
861604751|
357890196|
983160153|
369319617|
813098534|
864607809|
862446232|
357860357|
972162819|
836501710|
883175363|
914503358|
983865804|
883155599|
972195569|
883665789|
983136857|
836527806|
883646082|
336747854|
914594679|
883604778|
947748760|
369329285|
864641336|
357816122|
827470762|
914508719|
863771484|
325618928|
325654408|
972953462|
827400863|
864616846|
336719883|
378963329|
341843688|
336766070|
864624040|
963023223|
983846017|
862439399|
862438009|
972969719|
836511101|
883161300|
341868124|
378921021|
369345538|
396273089|
325646903|
914552596|
862467455|
863700175|
972905827|
883625510|
983115431|
972976898|
325016486|
883111002|
378908838|
357816244|
864607799|
914520377|
378950947|
325694644|
883680441|
972912085|
378578647|
836511363|
836552902|
861673387|
883170590|
861604579|
972181093|
883602101|
325744809|
883637700|
336701473|
369340669|
844203848|
972176463|
844267769|
862401715|
983850439|
852114233|
983851612|
325755931|
852113038|
813063879|
357833439|
863757138|
914516156|
983131281|
357855344|
836573975|
827492352|
861615127|
325635721|
827458310|
836537866|
813092332|
325088875|
914535304|
862476147|
947747890|
863749799|
827488910|
861674421|
972123569|
378950921|
378915244|
883600950|
861544387|
852133986|
852103345|
341851436|
341812400|
863703083|
341817123|
983894474|
983174409|
983804427|
813055955|
844215506|
844282033|
861564514|
947726063|
378538182|
836549551|
883604234|
883678666|
325714012|
983885149|
813055011|
813041186|
983167832|
341862773|
396227722|
972908885|
861629151|
378570987|
336729165|
369319115|
325770993|
972121504|
357836525|
844287477|
813054929|
325043397|
914548675|
357840453|
983861976|
336743356|
983176937|
947781282|
861584414|
883630047|
972954447|
813032962|
972916398|
813051718|
325055215|
972995986|
813092886|
861589598|
369361394|
852111804|
983817619|
827406112|
852149626|
862419822|
357896504|
983106625|
983139625|
861542003|
836589532|
883619762|
947779537|
883160184|
378906712|
983889348|
883680542|
827469802|
378966910|
883692463|
378516383|
813081553|
325612804|
983171235|
864680462|
827411341|
883133526|
983179381|
836549918|
861670277|
862413235|
336701577|
827475140|
813070212|
325789595|
836580977|
861612254|
325065850|
813014235|
862461926|
813016623|
325671692|
914511357|
325050811|
914589764|
325759762|
369372246|
883677525|
914530922|
861688555|
947728368|
813014559|
827467273|
863759158|
325040984|
863701145|
972165176|
336712855|
947721178|
813053501|
972977615|
947723158|
983147934|
341884969|
862455548|
883623856|
369372828|
827468702|
325095110|
863778515|
983874516|
325714307|
861590035|
827439333|
378930331|
972987100|
378930682|
914546214|
861500418|
836530071|
914537014|
864647562|
396225592|
972905600|
836554683|
844296663|
861667320|
864683766|
861598977|
827408457|
914515533|
836596714|
864651714|
883171782|
369330485|
844259420|
357890524|
861607041|
861616530|
844213623|
883110346|
947726517|
864611347|
914578955|
861637172|
972934764|
861667052|
883141154|
861524395|
883651058|
336709264|
341816160|
325724089|
862406069|
883105847|
836578030|
827438144|
813084377|
947765607|
369376851|
862407913|
883692768|
369390841|
378515777|
972111521|
862405617|
861585420|
883171825|
983855950|
827437455|
861518349|
883661759|
357823927|
336785259|
947709318|
864671070|
813084518|
813023220|
914559139|
369385284|
972146687|
813041264|
883198473|
983100982|
336758844|
883196478|
861671642|
836539112|
862496215|
325768062|
396262562|
947756147|
836596110|
341842108|
914596102|
836537456|
844202071|
863720821|
827422521|
836565664|
883198727|
813058432|
863784374|
863782317|
813058988|
983196354|
947782948|
864660477|
863733613|
369374841|
983140600|
341838948|
341881013|
827427281|
983141622|
983111357|
883162158|
813005421|
883139741|
325095214|
813044646|
914552751|
813036179|
378998407|
914556552|
947787927|
983102534|
369329658|
357803047|
972115220|
972962011|
883139912|
396246082|
963075628|
972910199|
844232210|
336745184|
863772230|
378961316|
827481741|
